,Unnamed: 0,2012,2013,2014,2015,2016,2017,2018,2019,2020,2021
0,Lưu chuyển tiền thuần từ các hoạt động sản xuất kinh doanh,18634340168.0,3774241315.0,75412721790.0,-2734960471.0,-907234441.0,-619243838.0,-60621340.0,-77373637.0,-13386931.0,3942614.0
1,Lãi/lỗ trước những thay đổi vốn lưu động,71147378690.0,54631249831.0,0.0,-231397314624.0,8984424170.0,-94780186745.0,-1097231496.0,-107761072.0,-1109644533.0,-224243705.0
2,Lãi trước thuế,6074391102.0,402609409.0,0.0,-425667351283.0,1408059128.0,-163779382254.0,-6934248358.0,-4926068915.0,-5079206907.0,-224179025.0
3,Khấu hao TSCĐ,10604327039.0,12145995581.0,10212613837.0,7454751947.0,6517252084.0,6234583518.0,5718094229.0,4686014154.0,3969569682.0,0.0
5,Chi phí dự phòng,80744581.0,104938868.0,0.0,103445981509.0,29264358.0,1794251284.0,166351831.0,0.0,0.0,0.0
6,Lãi/(lỗ) chênh lệch tỷ giá chưa thực hiện,0.0,0.0,0.0,-24486.0,0.0,0.0,0.0,0.0,0.0,0.0
8,Lãi/(lỗ) từ hoạt động đầu tư,-1123308002.0,-2265312599.0,0.0,32631618805.0,1029848600.0,1563870977.0,-47429198.0,132293689.0,-7308.0,-64680.0
9,Chi phí lãi vay,55511223970.0,44243018572.0,0.0,50737708884.0,0.0,59406489730.0,0.0,0.0,0.0,0.0
11,Các khoản điều chỉnh khác,0.0,0.0,0.0,0.0,0.0,0.0,0.0,0.0,0.0,0.0
12,(Tăng)/giảm các khoản phải thu,-10650528502.0,15525974953.0,0.0,775758211.0,-11925673550.0,118952373504.0,477978658.0,-404756548.0,-8844985158.0,-265715990.0
13,(Tăng)/giảm hàng tồn kho,-15999455218.0,-88829412440.0,0.0,398830760408.0,0.0,0.0,0.0,0.0,0.0,0.0
14,Tăng/(giảm) các khoản phải trả,32526537548.0,53803475104.0,0.0,-175132046760.0,1893312556.0,-25106582214.0,558631498.0,435143983.0,9941242760.0,493902309.0
15,( Tăng)/giảm chi phí trả trước,337099044.0,203408818.0,0.0,4377540379.0,140702383.0,315151617.0,0.0,0.0,0.0,0.0
16,(Tăng)/giảm chứng khoán kinh doanh,0.0,0.0,0.0,-174612085.0,0.0,0.0,0.0,0.0,0.0,0.0
17,Chi phí lãi vay đã trả,-55511223970.0,-30108970676.0,0.0,0.0,0.0,0.0,0.0,0.0,0.0,0.0
18,Thuế thu nhập doanh nghiệp đã trả,-1106418443.0,-14600815.0,0.0,0.0,0.0,0.0,0.0,0.0,0.0,0.0
19,Tiền thu khác từ các hoạt động kinh doanh,1025016.0,0.0,0.0,0.0,0.0,0.0,0.0,0.0,0.0,0.0
20,Tiền chi khác từ các hoạt động kinh doanh,-2110073997.0,-1436883460.0,0.0,-15046000.0,0.0,0.0,0.0,0.0,0.0,0.0
21,Lưu chuyển tiền tệ ròng từ hoạt động đầu tư,3163920499.0,-3306873513.0,-10513021020.0,47886731203.0,122727273.0,24545455.0,54175541.0,3653529268.0,7308.0,64680.0
22,Tiền mua tài sản cố định và các tài sản dài hạn khác,-10774384147.0,-5492186112.0,-113021020.0,-81509716.0,0.0,0.0,0.0,0.0,0.0,0.0
23,Tiền thu được từ thanh lý tài sản cố định,0.0,0.0,0.0,47968240919.0,122727273.0,24545455.0,54150000.0,3653259144.0,0.0,0.0
24,Tiền cho vay hoặc mua công cụ nợ,0.0,-80000000.0,-10400000000.0,0.0,0.0,0.0,0.0,0.0,0.0,0.0
25,Tiền thu từ cho vay hoặc thu từ phát hành công cụ nợ,10650000000.0,0.0,0.0,0.0,0.0,0.0,0.0,0.0,0.0,0.0
26,Đầu tư vào các doanh nghiệp khác,0.0,0.0,0.0,0.0,0.0,0.0,0.0,0.0,0.0,0.0
27,Tiền thu từ việc bán các khoản đầu tư vào các doanh nghiệp khác,0.0,0.0,0.0,0.0,0.0,0.0,0.0,0.0,0.0,0.0
28,Cổ tức và tiền lãi nhận được,3288304646.0,2265312599.0,0.0,0.0,0.0,0.0,25541.0,270124.0,7308.0,64680.0
29,Lưu chuyển tiền tệ từ hoạt động tài chính,-25804516342.0,-5966016981.0,-65659291049.0,-44537208399.0,0.0,0.0,0.0,-3653259144.0,0.0,0.0
30,Tiền thu từ phát hành cổ phiếu và vốn góp,0.0,0.0,0.0,0.0,0.0,0.0,0.0,0.0,0.0,0.0
31,"Chi trả cho việc mua lại, trả lại cổ phiếu",0.0,0.0,0.0,0.0,0.0,0.0,0.0,0.0,0.0,0.0
32,Tiền thu được các khoản đi vay,927415569071.0,601401008318.0,2520000000.0,0.0,0.0,0.0,0.0,0.0,0.0,0.0
33,Tiển trả các khoản đi vay,-950631661471.0,-604617846135.0,-67768570049.0,-44537208399.0,0.0,0.0,0.0,-3653259144.0,0.0,0.0
34,Tiền thanh toán vốn gốc đi thuê tài chính,-2572748942.0,-2749179164.0,0.0,0.0,0.0,0.0,0.0,0.0,0.0,0.0
35,Cổ tức đã trả,-15675000.0,0.0,-410721000.0,0.0,0.0,0.0,0.0,0.0,0.0,0.0
37,Lưu chuyển tiền thuần trong kỳ,-4006255675.0,-5498649179.0,-759590279.0,614562333.0,-784507168.0,-594698383.0,-6445799.0,-77103513.0,-13379623.0,4007294.0
38,Tiền và tương đương tiền đầu kỳ,11141097171.0,7134841496.0,1636192317.0,876602038.0,1491188857.0,706681689.0,111983306.0,105537507.0,28433994.0,15054371.0
39,Ảnh hưởng của chênh lệch tỷ giá,0.0,0.0,0.0,24486.0,0.0,0.0,0.0,0.0,0.0,0.0
40,Tiền và tương đương tiền cuối kỳ,7134841496.0,1636192317.0,876602038.0,1491188857.0,706681689.0,111983306.0,105537507.0,28433994.0,15054371.0,19061665.0
