,Unnamed: 0,2014,2015,2016,2017,2018,2019,2020,2021,2022
0,Lưu chuyển tiền thuần từ các hoạt động sản xuất kinh doanh,7318120205.0,-17721191717.0,-2601140665.0,5412713403.0,33383075578.0,71516202278.0,-703897910181.0,250853482363.0,185097909000.0
1,Lãi/lỗ trước những thay đổi vốn lưu động,6893691161.0,12347468531.0,10242294428.0,3648455152.0,6956453477.0,5558798691.0,21662321663.0,49651978927.0,20220482834.0
2,Lãi trước thuế,3451391204.0,8700084796.0,10096972948.0,10315954506.0,9398521368.0,12150488159.0,31381240362.0,86041953309.0,45060432635.0
3,Khấu hao TSCĐ,2261816159.0,1884428670.0,1603012805.0,621962848.0,116448940.0,2377881675.0,8799295095.0,9263616581.0,519400776.0
4,Phân bổ lợi thế thương mại,0.0,0.0,0.0,0.0,0.0,0.0,0.0,0.0,0.0
5,Chi phí dự phòng,0.0,0.0,0.0,0.0,0.0,0.0,0.0,67625588.0,0.0
6,Lãi/(lỗ) chênh lệch tỷ giá chưa thực hiện,0.0,0.0,0.0,0.0,0.0,0.0,0.0,0.0,0.0
8,Lãi/(lỗ) từ hoạt động đầu tư,-223790148.0,431930857.0,-2625313926.0,-7684566287.0,-2558516831.0,-8984898036.0,-20613071925.0,-131101090589.0,-53965571361.0
9,Chi phí lãi vay,1404273946.0,1331024208.0,1167622601.0,395104085.0,0.0,15326893.0,2094858131.0,85379874038.0,28606220784.0
11,Các khoản điều chỉnh khác,0.0,0.0,0.0,0.0,0.0,0.0,0.0,0.0,0.0
12,(Tăng)/giảm các khoản phải thu,4170879742.0,-43734130628.0,22264531303.0,-12806620055.0,-11359043344.0,-232882244054.0,-728974964214.0,16699627643.0,316572386435.0
13,(Tăng)/giảm hàng tồn kho,25658898074.0,-9139202885.0,1941675283.0,-21710775954.0,15621042357.0,-62422651645.0,-23523592194.0,58948799454.0,11074493698.0
14,Tăng/(giảm) các khoản phải trả,-28203945361.0,25134940134.0,-32121824624.0,36353220582.0,24691660884.0,363463620694.0,29043768521.0,213533615573.0,-140232644835.0
15,( Tăng)/giảm chi phí trả trước,290265134.0,34497295.0,33652174.0,-1867692.0,-261483160.0,-79847465.0,188036986.0,-1501218310.0,-70913803.0
16,(Tăng)/giảm chứng khoán kinh doanh,0.0,0.0,0.0,0.0,0.0,0.0,0.0,0.0,0.0
17,Chi phí lãi vay đã trả,-1379998140.0,-1564764164.0,-1167622601.0,-3698630.0,-202251076.0,-165326893.0,-399899227.0,-80380153563.0,-20915895329.0
18,Thuế thu nhập doanh nghiệp đã trả,-111670405.0,-800000000.0,-3793846628.0,-66000000.0,-2063303560.0,-1956147050.0,-1893581716.0,-6099167361.0,-1550000000.0
19,Tiền thu khác từ các hoạt động kinh doanh,0.0,0.0,0.0,0.0,0.0,0.0,0.0,0.0,0.0
20,Tiền chi khác từ các hoạt động kinh doanh,0.0,0.0,0.0,0.0,0.0,0.0,0.0,0.0,0.0
21,Lưu chuyển tiền tệ ròng từ hoạt động đầu tư,1315094778.0,-139166794710.0,1747654316.0,918484852.0,-39839695305.0,-219849023942.0,4047007513.0,-126025530135.0,-87840227173.0
22,Tiền mua tài sản cố định và các tài sản dài hạn khác,0.0,-33265350000.0,0.0,0.0,0.0,-45454545.0,-4288300000.0,-8584229091.0,-3682320000.0
23,Tiền thu được từ thanh lý tài sản cố định,1281818182.0,3048500000.0,3131728870.0,227272728.0,33431676750.0,10000000.0,0.0,0.0,0.0
24,Tiền cho vay hoặc mua công cụ nợ,0.0,-7000000000.0,-9000000000.0,-16400000000.0,-25050000000.0,-3800000000.0,-10000000000.0,125500000000.0,-2000000000.0
25,Tiền thu từ cho vay hoặc thu từ phát hành công cụ nợ,0.0,0.0,7000000000.0,9000000000.0,33450000000.0,8000000000.0,7300000000.0,-96700000000.0,21800000000.0
26,Đầu tư vào các doanh nghiệp khác,0.0,-102000000000.0,0.0,-45000000000.0,-184700000000.0,-224694801157.0,8257902173.0,-234099854166.0,-125630000000.0
27,Tiền thu từ việc bán các khoản đầu tư vào các doanh nghiệp khác,0.0,0.0,0.0,47000000000.0,101000000000.0,0.0,0.0,0.0,0.0
28,Cổ tức và tiền lãi nhận được,33276596.0,50055290.0,615925446.0,6091212124.0,2028627945.0,681231760.0,2777405340.0,87858553122.0,21672092827.0
29,Lưu chuyển tiền tệ từ hoạt động tài chính,-9221035417.0,166871826028.0,-2959000000.0,-3920712248.0,0.0,149949000000.0,702546190470.0,-103410520681.0,-106791832602.0
30,Tiền thu từ phát hành cổ phiếu và vốn góp,0.0,170000000000.0,0.0,0.0,0.0,150000000000.0,0.0,300000000000.0,200000000.0
31,"Chi trả cho việc mua lại, trả lại cổ phiếu",0.0,0.0,0.0,0.0,0.0,0.0,0.0,0.0,0.0
32,Tiền thu được các khoản đi vay,11528820675.0,6338209605.0,0.0,5935300000.0,0.0,0.0,706124000000.0,342620517452.0,174908739725.0
33,Tiển trả các khoản đi vay,-20749856092.0,-9466383577.0,-2959000000.0,-9856012248.0,0.0,-51000000.0,-3577809530.0,-733584011753.0,-281900572327.0
34,Tiền thanh toán vốn gốc đi thuê tài chính,0.0,0.0,0.0,0.0,0.0,0.0,0.0,0.0,0.0
35,Cổ tức đã trả,0.0,0.0,0.0,0.0,0.0,0.0,0.0,-12447026380.0,0.0
37,Lưu chuyển tiền thuần trong kỳ,-587820434.0,9983839601.0,-3812486349.0,2410486007.0,-6456619727.0,1616178336.0,2695287802.0,21417431547.0,-9534150775.0
38,Tiền và tương đương tiền đầu kỳ,685865136.0,98044702.0,10081884303.0,6269397954.0,8679883961.0,2223264234.0,3839442570.0,6534730372.0,11958079460.0
39,Ảnh hưởng của chênh lệch tỷ giá,0.0,0.0,0.0,0.0,0.0,0.0,0.0,0.0,0.0
40,Tiền và tương đương tiền cuối kỳ,98044702.0,10081884303.0,6269397954.0,8679883961.0,2223264234.0,3839442570.0,6534730372.0,27952161919.0,2423928685.0
