,Unnamed: 0,2013,2014,2015,2016,2017,2018,2019,2020,2021,2022
0,Lưu chuyển tiền thuần từ các hoạt động sản xuất kinh doanh,-1006752421.0,61425524046.0,-255145969349.0,-193864435874.0,3254357818675.0,322566018888.0,-1017775803020.0,4384729599899.0,796980781468.0,-3778655551136.0
1,Lãi/lỗ trước những thay đổi vốn lưu động,6578966320.0,55934082687.0,104732741788.0,309582574086.0,550474335970.0,757108486872.0,1103934315094.0,1567251256382.0,2513095065435.0,979897301519.0
2,Lãi trước thuế,3864945544.0,53541691762.0,200568159276.0,304430033216.0,550867436466.0,758077583486.0,1105310842962.0,1540220143183.0,2344351806052.0,1493612341705.0
3,Khấu hao TSCĐ,1232607956.0,786222219.0,788578826.0,604007934.0,2392731239.0,3912036535.0,6010671000.0,7319208489.0,9537712213.0,13990105797.0
5,Chi phí dự phòng,0.0,133112758.0,-9537908.0,2721553965.0,255263000.0,-327975420.0,-704596848.0,0.0,0.0,0.0
6,Lãi/(lỗ) chênh lệch tỷ giá chưa thực hiện,0.0,0.0,0.0,0.0,0.0,0.0,0.0,-900000000.0,0.0,24398706415.0
8,Lãi/(lỗ) từ hoạt động đầu tư,-69420514.0,-47777386.0,-98135291740.0,-168687362.0,-3679904844.0,-4553157729.0,-6682602020.0,-5222334350.0,-4082985108.0,-1086088000325.0
9,Chi phí lãi vay,1550833334.0,1520833334.0,1520833334.0,1995666333.0,638810109.0,0.0,0.0,25834239060.0,163288532278.0,533984147927.0
11,Các khoản điều chỉnh khác,0.0,0.0,0.0,0.0,0.0,0.0,0.0,0.0,0.0,0.0
12,(Tăng)/giảm các khoản phải thu,23158568550.0,244193221544.0,-441511195217.0,1250944827152.0,-1335377357404.0,933434560707.0,-64568313755.0,838561385547.0,-1805807253393.0,-2679229249241.0
13,(Tăng)/giảm hàng tồn kho,-63779508413.0,-150311715640.0,-385922707749.0,-1644851379116.0,-222203288906.0,-708091347875.0,-3453811699227.0,1610545181604.0,798192263802.0,-1577215339099.0
14,Tăng/(giảm) các khoản phải trả,-16234179036.0,-83808672433.0,451326503911.0,-61385359002.0,5957052238083.0,418210999785.0,1759427245554.0,758747183095.0,251872775575.0,365354558278.0
15,( Tăng)/giảm chi phí trả trước,4812429012.0,932519692.0,53131370867.0,4001860543.0,-5118094786.0,-902791656039.0,-109651679990.0,66735558633.0,-121473886544.0,-87630469679.0
16,(Tăng)/giảm chứng khoán kinh doanh,0.0,0.0,0.0,0.0,0.0,0.0,0.0,0.0,0.0,0.0
17,Chi phí lãi vay đã trả,-4983145000.0,-2708885763.0,-5469686185.0,-4787661668.0,-1561581403647.0,-70549175311.0,-76813864626.0,-284440701611.0,-260153728921.0,-496929984728.0
18,Thuế thu nhập doanh nghiệp đã trả,-2536318380.0,-1237173159.0,-25813776389.0,-43191393410.0,-118810894203.0,-83035315972.0,-156800342826.0,-146852552847.0,-545216750385.0,-261360792968.0
19,Tiền thu khác từ các hoạt động kinh doanh,70105949647.0,0.0,0.0,0.0,0.0,0.0,0.0,0.0,0.0,0.0
20,Tiền chi khác từ các hoạt động kinh doanh,-18129515121.0,-1567852882.0,-5619220375.0,-4177904459.0,-10077716432.0,-21720533279.0,-19491463244.0,-25817710904.0,-33527704101.0,-21541575218.0
21,Lưu chuyển tiền tệ ròng từ hoạt động đầu tư,-3463928418.0,-56925099857.0,-351784297576.0,-79828791673.0,-1265516605.0,-230083185128.0,-697130402882.0,-4293020818683.0,-2753093605383.0,2584823920509.0
22,Tiền mua tài sản cố định và các tài sản dài hạn khác,-3533348932.0,-4972877243.0,-127489113555.0,-79997479035.0,-4945421449.0,-9743614002.0,-101269950297.0,-484545332616.0,-45050908771.0,-80997412000.0
23,Tiền thu được từ thanh lý tài sản cố định,0.0,0.0,25000000000.0,0.0,0.0,119059556440.0,0.0,0.0,0.0,0.0
24,Tiền cho vay hoặc mua công cụ nợ,0.0,0.0,0.0,0.0,0.0,-689180950512.0,-2810000000.0,-9370299200.0,-12220049419.0,0.0
25,Tiền thu từ cho vay hoặc thu từ phát hành công cụ nợ,0.0,0.0,0.0,0.0,0.0,0.0,0.0,0.0,0.0,0.0
26,Đầu tư vào các doanh nghiệp khác,0.0,-52000000000.0,-250144521513.0,0.0,0.0,0.0,-599743496260.0,-3864327521217.0,-2756117630259.0,-1817881107000.0
27,Tiền thu từ việc bán các khoản đầu tư vào các doanh nghiệp khác,0.0,0.0,0.0,0.0,0.0,347480000000.0,0.0,60000000000.0,56112000000.0,4475173000000.0
28,Cổ tức và tiền lãi nhận được,69420514.0,47777386.0,849337492.0,168687362.0,3679904844.0,2301822946.0,6693043675.0,5222334350.0,4182983066.0,8529439509.0
29,Lưu chuyển tiền tệ từ hoạt động tài chính,1850000000.0,-3988094000.0,630556409134.0,391549883312.0,-3258466023407.0,-47196419134.0,2171899506738.0,-684876836938.0,2396976726400.0,961563834960.0
30,Tiền thu từ phát hành cổ phiếu và vốn góp,0.0,0.0,650680300000.0,0.0,0.0,0.0,0.0,0.0,1162305988000.0,2590000000.0
31,"Chi trả cho việc mua lại, trả lại cổ phiếu",0.0,0.0,0.0,0.0,0.0,0.0,0.0,0.0,0.0,0.0
32,Tiền thu được các khoản đi vay,19850000000.0,91737000000.0,410398609134.0,613720352150.0,0.0,1056991706980.0,2456471923000.0,1161200000000.0,2901150000000.0,3249015250161.0
33,Tiển trả các khoản đi vay,-18000000000.0,-95725094000.0,-430522500000.0,-121552883338.0,-3258349398407.0,-1104188126114.0,-284572416262.0,-1453127583738.0,-1666427850000.0,-2290041415201.0
34,Tiền thanh toán vốn gốc đi thuê tài chính,0.0,0.0,0.0,0.0,0.0,0.0,0.0,0.0,0.0,0.0
35,Cổ tức đã trả,0.0,0.0,0.0,-100617585500.0,-116625000.0,0.0,0.0,-392949253200.0,-51411600.0,0.0
37,Lưu chuyển tiền thuần trong kỳ,-2620680839.0,512330189.0,23626142209.0,117856655765.0,-5373721337.0,45286414626.0,456993300836.0,-593168055722.0,440863902485.0,-232267795667.0
38,Tiền và tương đương tiền đầu kỳ,10053967997.0,7433287158.0,7945617347.0,31571759556.0,149428415321.0,144054693984.0,189341108610.0,646334409446.0,53166353724.0,494030256209.0
39,Ảnh hưởng của chênh lệch tỷ giá,0.0,0.0,0.0,0.0,0.0,0.0,0.0,0.0,0.0,0.0
40,Tiền và tương đương tiền cuối kỳ,7433287158.0,7945617347.0,31571759556.0,149428415321.0,144054693984.0,189341108610.0,646334409446.0,53166353724.0,494030256209.0,261762460542.0
