,Unnamed: 0,2013,2014,2015,2016,2017,2018,2019,2020,2021,2022
0,Lưu chuyển tiền thuần từ các hoạt động sản xuất kinh doanh,13343471449.0,7029428397.0,4376806586.0,61024142030.0,45200068866.0,-30076951840.0,26165520559.0,-648345355.0,-1648394650.0,303104150.0
1,Lãi/lỗ trước những thay đổi vốn lưu động,953123030.0,4470287519.0,17245456187.0,25528670474.0,2183350846.0,-7807047455.0,-5106033503.0,-3235244123.0,-983248072.0,-639124955.0
2,Lãi trước thuế,2208066885.0,1500984683.0,14869413430.0,23726516974.0,3413993042.0,-10135260178.0,11218886436.0,-20153931741.0,224584505.0,2872331195.0
3,Khấu hao TSCĐ,1446403964.0,2662488645.0,2661381492.0,2021945329.0,418844238.0,503814804.0,410944559.0,249048267.0,22428576.0,22428576.0
5,Chi phí dự phòng,-112181155.0,-124139956.0,-31871214.0,0.0,0.0,6228742525.0,-4077631421.0,971100000.0,-971100000.0,560349676.0
6,Lãi/(lỗ) chênh lệch tỷ giá chưa thực hiện,0.0,0.0,0.0,0.0,0.0,0.0,0.0,0.0,0.0,0.0
8,Lãi/(lỗ) từ hoạt động đầu tư,-3813838245.0,193458878.0,-372442521.0,-336466829.0,-1774854861.0,-4413122688.0,-12658233077.0,15698539351.0,-259161153.0,-5401735526.0
9,Chi phí lãi vay,1224671581.0,237495269.0,118975000.0,116675000.0,125368427.0,8778082.0,0.0,0.0,0.0,123835617.0
11,Các khoản điều chỉnh khác,0.0,0.0,0.0,0.0,0.0,0.0,0.0,0.0,0.0,1183665507.0
12,(Tăng)/giảm các khoản phải thu,13532658268.0,643226472.0,-19118218245.0,-467005554.0,17489716152.0,1866466774.0,3136993807.0,64216242.0,89417196.0,87238431.0
13,(Tăng)/giảm hàng tồn kho,5463598320.0,-388956373.0,-17810144777.0,9762622368.0,6232488676.0,459164191.0,1996445933.0,0.0,0.0,0.0
14,Tăng/(giảm) các khoản phải trả,-7263380419.0,-75319717.0,22681300190.0,16045160595.0,-29924025151.0,-6245639643.0,-1879766800.0,-21664552.0,-325828632.0,467838409.0
15,( Tăng)/giảm chi phí trả trước,1626375404.0,2190956953.0,1996632719.0,17783816477.0,69302470148.0,-222520124.0,311622572.0,0.0,0.0,0.0
16,(Tăng)/giảm chứng khoán kinh doanh,0.0,0.0,0.0,0.0,-10992964750.0,-17244828501.0,28237793251.0,0.0,0.0,0.0
17,Chi phí lãi vay đã trả,-1224671581.0,-237495269.0,-18833750.0,-116675000.0,-125368427.0,-8778082.0,0.0,0.0,0.0,0.0
18,Thuế thu nhập doanh nghiệp đã trả,0.0,0.0,-599385738.0,-6868155380.0,-7994803828.0,0.0,0.0,-50868797.0,-428735142.0,0.0
19,Tiền thu khác từ các hoạt động kinh doanh,439476583.0,429778812.0,0.0,0.0,0.0,0.0,0.0,2729011875.0,0.0,0.0
20,Tiền chi khác từ các hoạt động kinh doanh,-183708156.0,-3050000.0,0.0,-644291950.0,-970794800.0,-873769000.0,-531534701.0,-133796000.0,0.0,387152265.0
21,Lưu chuyển tiền tệ ròng từ hoạt động đầu tư,-865911586.0,374687141.0,192442521.0,-244297287.0,-9058994849.0,-35324621087.0,-45088461366.0,7988067635.0,18021129828.0,-26234446534.0
22,Tiền mua tài sản cố định và các tài sản dài hạn khác,-7757590001.0,-47150000.0,0.0,-1594845454.0,-11258141310.0,0.0,-43809673.0,0.0,0.0,0.0
23,Tiền thu được từ thanh lý tài sản cố định,2371075748.0,90909091.0,0.0,964000000.0,27272727.0,0.0,708791165.0,5745061672.0,5322909681.0,0.0
24,Tiền cho vay hoặc mua công cụ nợ,0.0,0.0,0.0,0.0,0.0,-39961906036.0,-6000000000.0,-121900000000.0,-64640779882.0,-57000000000.0
25,Tiền thu từ cho vay hoặc thu từ phát hành công cụ nợ,0.0,0.0,0.0,0.0,0.0,0.0,46000000000.0,80100000000.0,92750000000.0,60000000000.0
26,Đầu tư vào các doanh nghiệp khác,0.0,0.0,0.0,0.0,0.0,0.0,-100280000000.0,-6900000000.0,-30000000000.0,-30000000000.0
27,Tiền thu từ việc bán các khoản đầu tư vào các doanh nghiệp khác,1800000000.0,200000000.0,0.0,0.0,0.0,2000000000.0,0.0,49300000000.0,10812900000.0,0.0
28,Cổ tức và tiền lãi nhận được,2720602667.0,130928050.0,192442521.0,386548167.0,2171873734.0,2637284949.0,14526557142.0,1643005963.0,3776100029.0,765553466.0
29,Lưu chuyển tiền tệ từ hoạt động tài chính,-8810801511.0,-5246978374.0,-200000000.0,-5614050000.0,-9097582500.0,-6835107500.0,-302110000.0,-88300000.0,-30880000.0,1500000000.0
30,Tiền thu từ phát hành cổ phiếu và vốn góp,0.0,0.0,0.0,0.0,0.0,0.0,0.0,0.0,0.0,0.0
31,"Chi trả cho việc mua lại, trả lại cổ phiếu",0.0,0.0,0.0,0.0,0.0,0.0,0.0,0.0,0.0,0.0
32,Tiền thu được các khoản đi vay,22669878929.0,0.0,0.0,0.0,3170660000.0,0.0,0.0,0.0,0.0,1500000000.0
33,Tiển trả các khoản đi vay,-31480680440.0,-4454228374.0,-200000000.0,-350000000.0,-3720660000.0,-400000000.0,0.0,0.0,0.0,0.0
34,Tiền thanh toán vốn gốc đi thuê tài chính,0.0,0.0,0.0,0.0,0.0,0.0,0.0,0.0,0.0,0.0
35,Cổ tức đã trả,0.0,-792750000.0,0.0,-5264050000.0,-8547582500.0,-6435107500.0,-302110000.0,-88300000.0,-30880000.0,0.0
37,Lưu chuyển tiền thuần trong kỳ,3666758352.0,2157137164.0,4369249107.0,55165794743.0,27043491517.0,-72236680427.0,-19225050807.0,7251422280.0,16341855178.0,-24431342384.0
38,Tiền và tương đương tiền đầu kỳ,519531865.0,4186290217.0,6343427381.0,10712676488.0,65878471231.0,92921962748.0,20685282321.0,1460231514.0,8711653794.0,25053508972.0
39,Ảnh hưởng của chênh lệch tỷ giá,0.0,0.0,0.0,0.0,0.0,0.0,0.0,0.0,0.0,0.0
40,Tiền và tương đương tiền cuối kỳ,4186290217.0,6343427381.0,10712676488.0,65878471231.0,92921962748.0,20685282321.0,1460231514.0,8711653794.0,25053508972.0,622166588.0
