,Unnamed: 0,2013,2014,2015,2016,2017,2018,2019,2020,2021,2022
0,Lưu chuyển tiền thuần từ các hoạt động sản xuất kinh doanh,512522355098.0,646381952258.0,549445859500.0,593343402955.0,460407484230.0,483898726436.0,483098168920.0,106543568103.0,16097674397.0,346266484477.0
1,Lãi/lỗ trước những thay đổi vốn lưu động,643237424054.0,767064944518.0,803920536092.0,832508156926.0,666400927120.0,596946785108.0,564927320511.0,172260366857.0,27787759720.0,365309529521.0
2,Lãi trước thuế,302046571531.0,408513038558.0,428045460525.0,396797900760.0,244982331948.0,115251752898.0,139014994366.0,-210715125973.0,-276750085527.0,186800318866.0
3,Khấu hao TSCĐ,319472121363.0,390176594717.0,456446087873.0,515834605044.0,524023647464.0,477636981362.0,440465407867.0,378386683947.0,274126385026.0,194081462023.0
5,Chi phí dự phòng,-136741412.0,-1384195171.0,44630069.0,1923471928.0,-4447167516.0,-336845368.0,282210165.0,114545201.0,-1503141833.0,-200815747.0
6,Lãi/(lỗ) chênh lệch tỷ giá chưa thực hiện,0.0,0.0,0.0,0.0,0.0,0.0,0.0,0.0,0.0,0.0
8,Lãi/(lỗ) từ hoạt động đầu tư,-44103712506.0,-94766786922.0,-151610701498.0,-163312065457.0,-171788038540.0,-52442620377.0,-53965039178.0,-31199445060.0,13595425799.0,-25603507149.0
9,Chi phí lãi vay,65959185078.0,64526293336.0,70995059123.0,81264244651.0,73630153764.0,56837516593.0,42379747291.0,36047457020.0,18319176255.0,10232071528.0
11,Các khoản điều chỉnh khác,0.0,0.0,0.0,0.0,0.0,0.0,-3250000000.0,-373748278.0,0.0,0.0
12,(Tăng)/giảm các khoản phải thu,9755593872.0,89673565817.0,-14585801176.0,-16286526861.0,-221210525.0,9472845666.0,-2041465548.0,-236293600.0,33482001303.0,-34044430079.0
13,(Tăng)/giảm hàng tồn kho,-875190610.0,-268190312.0,-1638706771.0,-5424828959.0,-5093621063.0,-1814824786.0,3667781282.0,2742832166.0,3866730145.0,395026196.0
14,Tăng/(giảm) các khoản phải trả,13992323450.0,18414605860.0,1710753624.0,-11557666513.0,-30797818177.0,-43845431667.0,-3954562324.0,-35267088665.0,-35646422446.0,25399921042.0
15,( Tăng)/giảm chi phí trả trước,-860545450.0,-56891867136.0,-35362410893.0,16383303748.0,12443699770.0,12247129274.0,1671920930.0,11808357712.0,5325309053.0,35115224.0
16,(Tăng)/giảm chứng khoán kinh doanh,0.0,0.0,0.0,0.0,0.0,0.0,0.0,0.0,0.0,0.0
17,Chi phí lãi vay đã trả,-64324144044.0,-64074185647.0,-70362200238.0,-80582438482.0,-74547239697.0,-57419486488.0,-42876528700.0,-36791566328.0,-18717703378.0,-10828677427.0
18,Thuế thu nhập doanh nghiệp đã trả,-76116878038.0,-88215880686.0,-100018898940.0,-87489294204.0,-61221262662.0,-29032198810.0,-35607551780.0,-7349040039.0,0.0,0.0
19,Tiền thu khác từ các hoạt động kinh doanh,16793942936.0,22909124693.0,21197206678.0,3575049528.0,0.0,0.0,0.0,0.0,0.0,0.0
20,Tiền chi khác từ các hoạt động kinh doanh,-29080171072.0,-42230164849.0,-55414618876.0,-57782352228.0,-46555990536.0,-2656091861.0,-2688745451.0,-624000000.0,0.0,0.0
21,Lưu chuyển tiền tệ ròng từ hoạt động đầu tư,-336874700953.0,-665153352501.0,-606074229973.0,-836093388023.0,25869386507.0,-333730223647.0,-110969531829.0,205532241563.0,65489708550.0,-292077101073.0
22,Tiền mua tài sản cố định và các tài sản dài hạn khác,-395517996477.0,-786668208631.0,-789782424141.0,-1073697687505.0,-219842041608.0,-491029126337.0,-291767057389.0,-23198381819.0,-33811373662.0,-338174509325.0
23,Tiền thu được từ thanh lý tài sản cố định,56874090893.0,112318181852.0,174304369364.0,229312772893.0,243101818138.0,153363409054.0,171774749277.0,221909949691.0,292150668551.0,173782151197.0
24,Tiền cho vay hoặc mua công cụ nợ,0.0,0.0,0.0,0.0,-1000000000.0,0.0,0.0,0.0,-200800000000.0,-618140986300.0
25,Tiền thu từ cho vay hoặc thu từ phát hành công cụ nợ,0.0,0.0,0.0,0.0,0.0,0.0,0.0,0.0,0.0,474000000000.0
26,Đầu tư vào các doanh nghiệp khác,0.0,0.0,0.0,0.0,0.0,0.0,0.0,0.0,0.0,0.0
27,Tiền thu từ việc bán các khoản đầu tư vào các doanh nghiệp khác,900000000.0,1500000000.0,0.0,0.0,0.0,0.0,0.0,0.0,0.0,0.0
28,Cổ tức và tiền lãi nhận được,869204631.0,7696674278.0,9403824804.0,8291526589.0,3609609977.0,3935493636.0,9022776283.0,6820673691.0,7950413661.0,16456243355.0
29,Lưu chuyển tiền tệ từ hoạt động tài chính,4608937946.0,98301305364.0,35715026486.0,140178861413.0,-498742588014.0,-134548722538.0,-313339054094.0,-297452233355.0,-153530976729.0,-26643541271.0
30,Tiền thu từ phát hành cổ phiếu và vốn góp,135000000000.0,0.0,0.0,0.0,0.0,0.0,0.0,0.0,0.0,0.0
31,"Chi trả cho việc mua lại, trả lại cổ phiếu",0.0,0.0,0.0,0.0,0.0,0.0,0.0,0.0,0.0,0.0
32,Tiền thu được các khoản đi vay,323959307841.0,542146700000.0,519893500000.0,700536600000.0,123501300000.0,356714700000.0,124339800000.0,21156800000.0,0.0,155517830000.0
33,Tiển trả các khoản đi vay,-406037832240.0,-259191236893.0,-305282621353.0,-372416045229.0,-446731228730.0,-402409598112.0,-338590730414.0,-216686228989.0,-126804263049.0,-135491092609.0
34,Tiền thanh toán vốn gốc đi thuê tài chính,-18340950655.0,-41449392743.0,-54721907161.0,-52943967358.0,-59406609984.0,-34584573526.0,-31020719850.0,-34197924996.0,-26656239580.0,-46628016662.0
35,Cổ tức đã trả,-29971587000.0,-143204765000.0,-124173945000.0,-134997726000.0,-116106049300.0,-54269250900.0,-68067403830.0,-67724879370.0,-70474100.0,-42262000.0
37,Lưu chuyển tiền thuần trong kỳ,180256592091.0,79529905121.0,-20913343987.0,-102571123655.0,-12465717277.0,15619780251.0,58789582997.0,14623576311.0,-71943593782.0,27545842133.0
38,Tiền và tương đương tiền đầu kỳ,28297580375.0,208554172466.0,288084077587.0,267170733600.0,164599609945.0,152133892668.0,167753672919.0,226543255916.0,241166832227.0,169223238445.0
39,Ảnh hưởng của chênh lệch tỷ giá,0.0,0.0,0.0,0.0,0.0,0.0,0.0,0.0,0.0,0.0
40,Tiền và tương đương tiền cuối kỳ,208554172466.0,288084077587.0,267170733600.0,164599609945.0,152133892668.0,167753672919.0,226543255916.0,241166832227.0,169223238445.0,196769080578.0
