,Unnamed: 0,2013,2014,2015,2016,2017,2018,2019,2020,2021,2022
0,Lưu chuyển tiền thuần từ các hoạt động sản xuất kinh doanh,-2453328813.0,-39939309331.0,-22839413515.0,49477948284.0,-1746545352.0,8162507374.0,-105391240462.0,-241813014634.0,387040204687.0,-538503132863.0
1,Lãi/lỗ trước những thay đổi vốn lưu động,2099814387.0,5724905478.0,9370663965.0,6130791809.0,7363234136.0,7398704410.0,2154268423.0,130322309219.0,48987250233.0,37525905064.0
2,Lãi trước thuế,1181700049.0,1901640439.0,1489522967.0,304569760.0,49011629.0,-25439046522.0,685997703.0,88267413756.0,18894795004.0,12612011158.0
3,Khấu hao TSCĐ,1007742333.0,3143062999.0,4838998773.0,3917820683.0,3138215121.0,2899242914.0,2762185775.0,3281708781.0,4131434669.0,3618343366.0
5,Chi phí dự phòng,-59613378.0,-107027548.0,0.0,53654051.0,1115413488.0,25477958358.0,0.0,4094921227.0,-1142534106.0,3835821568.0
6,Lãi/(lỗ) chênh lệch tỷ giá chưa thực hiện,0.0,0.0,0.0,0.0,0.0,0.0,0.0,0.0,0.0,0.0
8,Lãi/(lỗ) từ hoạt động đầu tư,-4804865631.0,-5494868513.0,-4253425576.0,-4961831954.0,-1156282947.0,-922532297.0,-1293915055.0,8137555412.0,-487137936.0,-30321844281.0
9,Chi phí lãi vay,4774851014.0,6282098101.0,7295567801.0,6816579269.0,4216876845.0,5383081957.0,0.0,26540710043.0,27590692602.0,47781573253.0
11,Các khoản điều chỉnh khác,0.0,0.0,0.0,0.0,0.0,0.0,0.0,0.0,0.0,0.0
12,(Tăng)/giảm các khoản phải thu,-29830867456.0,-27834689429.0,-15743834885.0,162105507881.0,3191427928.0,-12006851789.0,-110917080531.0,-821271735751.0,763063858344.0,-537439003578.0
13,(Tăng)/giảm hàng tồn kho,-12907697079.0,-5015020072.0,21604224827.0,9306881071.0,10786194563.0,1088593299.0,164910291.0,-157421463370.0,-48668636633.0,4736690950.0
14,Tăng/(giảm) các khoản phải trả,43011419972.0,-5240860155.0,-31433561072.0,-120598933990.0,-19087233263.0,26254807060.0,4129197463.0,650225524770.0,-329012554265.0,6577372810.0
15,( Tăng)/giảm chi phí trả trước,-243174837.0,-602280724.0,1002971607.0,-333951585.0,110008772.0,-9189663649.0,-922536108.0,-22312244567.0,-897157214.0,-12459631025.0
16,(Tăng)/giảm chứng khoán kinh doanh,0.0,0.0,0.0,0.0,0.0,0.0,0.0,0.0,-19969709700.0,0.0
17,Chi phí lãi vay đã trả,-4774851014.0,-6282098101.0,-7295567801.0,-6816579269.0,-4080177488.0,-5383081957.0,0.0,-21355404935.0,-26178220467.0,-37144467084.0
18,Thuế thu nhập doanh nghiệp đã trả,-57851781.0,-518560415.0,-341668339.0,-315767633.0,-30000000.0,0.0,0.0,0.0,-284625611.0,-300000000.0
19,Tiền thu khác từ các hoạt động kinh doanh,249878995.0,392032670.0,72008183.0,0.0,0.0,0.0,0.0,0.0,0.0,0.0
20,Tiền chi khác từ các hoạt động kinh doanh,0.0,-562738583.0,-74650000.0,0.0,0.0,0.0,0.0,0.0,0.0,0.0
21,Lưu chuyển tiền tệ ròng từ hoạt động đầu tư,-24292738205.0,-12985967831.0,11209386004.0,-4426537766.0,-964519145.0,-8167402936.0,-11285044598.0,-8888035759.0,-273875219219.0,24378972285.0
22,Tiền mua tài sản cố định và các tài sản dài hạn khác,-28897603836.0,-13349744029.0,-8027675936.0,-9888369720.0,-2120802092.0,-10089935233.0,-13682922831.0,-8399649467.0,-4035999015.0,-8632582715.0
23,Tiền thu được từ thanh lý tài sản cố định,632018182.0,1818181818.0,0.0,2945635816.0,1000000000.0,918472727.0,90909091.0,0.0,0.0,0.0
24,Tiền cho vay hoặc mua công cụ nợ,-10000000000.0,3600000000.0,0.0,0.0,0.0,0.0,0.0,-500000000.0,0.0,0.0
25,Tiền thu từ cho vay hoặc thu từ phát hành công cụ nợ,9800000000.0,-9320000000.0,5900000000.0,500000000.0,0.0,1000000000.0,1000000000.0,0.0,500000000.0,0.0
26,Đầu tư vào các doanh nghiệp khác,0.0,0.0,0.0,0.0,0.0,0.0,0.0,0.0,-270780900000.0,0.0
27,Tiền thu từ việc bán các khoản đầu tư vào các doanh nghiệp khác,0.0,0.0,9320000000.0,0.0,0.0,0.0,0.0,0.0,0.0,33011555000.0
28,Cổ tức và tiền lãi nhận được,4172847449.0,4265594380.0,4017061940.0,2016196138.0,156282947.0,4059570.0,1306969142.0,11613708.0,441679796.0,0.0
29,Lưu chuyển tiền tệ từ hoạt động tài chính,35408362964.0,32502269194.0,14714743259.0,-49910964888.0,-3019106058.0,323584026.0,118570253432.0,248323449172.0,-91704580200.0,745740684191.0
30,Tiền thu từ phát hành cổ phiếu và vốn góp,0.0,0.0,0.0,0.0,0.0,0.0,47870000000.0,161955272727.0,0.0,707560000000.0
31,"Chi trả cho việc mua lại, trả lại cổ phiếu",0.0,0.0,0.0,0.0,0.0,0.0,0.0,0.0,0.0,0.0
32,Tiền thu được các khoản đi vay,115781615228.0,120849378342.0,131775364123.0,99927504558.0,42298473993.0,16647358550.0,81300000000.0,152999450000.0,156099519800.0,401895937784.0
33,Tiển trả các khoản đi vay,-78739525659.0,-85819050823.0,-117058616864.0,-149632122391.0,-45270044051.0,-16323774524.0,-10599746568.0,-66631273555.0,-247804100000.0,-362956253593.0
34,Tiền thanh toán vốn gốc đi thuê tài chính,0.0,0.0,0.0,0.0,0.0,0.0,0.0,0.0,0.0,-759000000.0
35,Cổ tức đã trả,-1633726605.0,-2528058325.0,-2004000.0,-206347055.0,-47536000.0,0.0,0.0,0.0,0.0,0.0
37,Lưu chuyển tiền thuần trong kỳ,8662295946.0,-20423007968.0,3084715748.0,-4859554370.0,-5730170555.0,318688464.0,1893968372.0,-2377601221.0,21460405268.0,231616523613.0
38,Tiền và tương đương tiền đầu kỳ,20771423784.0,29434347730.0,9011339762.0,12096055510.0,7236501140.0,1506330585.0,1825019049.0,3718987421.0,1341386200.0,22801791468.0
39,Ảnh hưởng của chênh lệch tỷ giá,0.0,0.0,0.0,0.0,0.0,0.0,0.0,0.0,0.0,0.0
40,Tiền và tương đương tiền cuối kỳ,29433719730.0,9011339762.0,12096055510.0,7236501140.0,1506330585.0,1825019049.0,3718987421.0,1341386200.0,22801791468.0,254418315081.0
