,Unnamed: 0,Q3 2020,Q4 2020,Q1 2021,Q2 2021,Q3 2021,Q4 2021,Q1 2022,Q2 2022,Q3 2022,Q4 2022
0,Lưu chuyển tiền thuần từ các hoạt động sản xuất kinh doanh,54746213269.0,218058541190.0,87596937707.0,34640037728.0,315723481455.0,212500351520.0,233948425477.0,645748924281.0,146151836618.0,368757907534.0
1,Lãi/lỗ trước những thay đổi vốn lưu động,57376122133.0,102291285025.0,148008803426.0,383637752871.0,205648295008.0,484956707794.0,700711376450.0,541800699957.0,512631310444.0,640303535184.0
2,Lãi trước thuế,36253942726.0,202631578580.0,126953365830.0,149707441161.0,-42056413451.0,216429154942.0,441281116612.0,285325909263.0,243226553171.0,410000397334.0
3,Khấu hao TSCĐ,21022624588.0,21483734051.0,20800824559.0,148096851216.0,149875992372.0,151287583451.0,149285482627.0,149296771558.0,146580496709.0,146575006593.0
4,Phân bổ lợi thế thương mại,0.0,0.0,0.0,0.0,0.0,0.0,0.0,0.0,0.0,0.0
5,Chi phí dự phòng,0.0,0.0,0.0,0.0,0.0,8185771917.0,0.0,426876021.0,0.0,495596328.0
6,Lãi/(lỗ) chênh lệch tỷ giá chưa thực hiện,-402692653.0,-3168336204.0,-19278173.0,-2176055015.0,-6928160664.0,1350435331.0,1835317202.0,9871897405.0,14528163804.0,-5469508360.0
8,Lãi/(lỗ) từ hoạt động đầu tư,192280558.0,-118964928887.0,-26068953.0,1153322522.0,-359073122.0,-1813137908.0,339155015.0,-3663904500.0,8106775916.0,-10687001961.0
9,Chi phí lãi vay,309966914.0,309237485.0,299960163.0,86856192987.0,105115949873.0,109516900061.0,107970304994.0,100543150210.0,100189320844.0,99389045250.0
11,Các khoản điều chỉnh khác,0.0,0.0,0.0,0.0,0.0,0.0,0.0,0.0,0.0,0.0
12,(Tăng)/giảm các khoản phải thu,-32171915140.0,798604089992.0,-31344191754.0,-241326080775.0,168851867599.0,-282360289759.0,-277285150644.0,358994390505.0,-190091150542.0,-200684427582.0
13,(Tăng)/giảm hàng tồn kho,7281392730.0,-2500705881.0,150249623.0,5466052.0,11324298.0,17981000.0,-4604001615.0,6685755238.0,-921481778.0,453666583.0
14,Tăng/(giảm) các khoản phải trả,23245808730.0,-666251556152.0,-16600653170.0,-103260244406.0,-12440156618.0,54264788441.0,-37141583776.0,-1230041926.0,-144970998986.0,196703510080.0
15,( Tăng)/giảm chi phí trả trước,-393432728.0,-689333163.0,0.0,584073099.0,0.0,-2460872357.0,2295946365.0,-252108900.0,-408535865.0,-2914771728.0
16,(Tăng)/giảm chứng khoán kinh doanh,0.0,0.0,0.0,0.0,0.0,0.0,0.0,0.0,0.0,0.0
17,Chi phí lãi vay đã trả,-620170301.0,0.0,-591435650.0,23320535648.0,-46373683600.0,-31836427345.0,-90605690634.0,-254500252655.0,-25918422527.0,-224539364297.0
18,Thuế thu nhập doanh nghiệp đã trả,-1861304887.0,-12600952831.0,-12025834768.0,-35529020140.0,25834768.0,-6000000000.0,-57760747269.0,0.0,0.0,-40000000000.0
19,Tiền thu khác từ các hoạt động kinh doanh,195113623.0,0.0,0.0,0.0,0.0,0.0,0.0,0.0,0.0,0.0
20,Tiền chi khác từ các hoạt động kinh doanh,1694599109.0,-794285800.0,0.0,7207555379.0,0.0,-4081536254.0,-1661723400.0,-5749517938.0,-4168884128.0,-564240706.0
21,Lưu chuyển tiền tệ ròng từ hoạt động đầu tư,-74523960242.0,-335244479727.0,-137679499176.0,8584476786.0,-70167046380.0,-22856017365.0,-133979376549.0,29012200751.0,22454736698.0,44382253468.0
22,Tiền mua tài sản cố định và các tài sản dài hạn khác,-75642994748.0,-345071882245.0,-137679499176.0,12784476786.0,-70526119502.0,-24595453903.0,-68413922904.0,25163914525.0,1839511682.0,-5468344821.0
23,Tiền thu được từ thanh lý tài sản cố định,2680090910.0,0.0,0.0,0.0,0.0,0.0,0.0,0.0,0.0,0.0
24,Tiền cho vay hoặc mua công cụ nợ,-35000000000.0,0.0,0.0,-39200000000.0,0.0,-73701370.0,-65226298630.0,-4273701370.0,34173701370.0,38100000000.0
25,Tiền thu từ cho vay hoặc thu từ phát hành công cụ nợ,35000000000.0,0.0,0.0,35000000000.0,0.0,0.0,0.0,4273701370.0,-4273701370.0,0.0
26,Đầu tư vào các doanh nghiệp khác,0.0,9812957192.0,0.0,0.0,0.0,0.0,0.0,0.0,0.0,0.0
27,Tiền thu từ việc bán các khoản đầu tư vào các doanh nghiệp khác,0.0,0.0,0.0,0.0,0.0,0.0,0.0,0.0,0.0,0.0
28,Cổ tức và tiền lãi nhận được,-1561056404.0,14445326.0,0.0,0.0,359073122.0,1813137908.0,-339155015.0,3848286226.0,-9284774984.0,11750598289.0
29,Lưu chuyển tiền tệ từ hoạt động tài chính,-67411132984.0,126993816250.0,69253530391.0,-62487696736.0,-128874659193.0,-268948406296.0,-145932856004.0,-482062733776.0,-349271044868.0,-300131449269.0
30,Tiền thu từ phát hành cổ phiếu và vốn góp,0.0,0.0,299989500000.0,-50000000.0,0.0,0.0,0.0,0.0,0.0,0.0
31,"Chi trả cho việc mua lại, trả lại cổ phiếu",0.0,0.0,0.0,0.0,0.0,0.0,0.0,0.0,0.0,0.0
32,Tiền thu được các khoản đi vay,200000000.0,194505117337.0,0.0,934824969.0,0.0,0.0,0.0,0.0,0.0,10000000000.0
33,Tiển trả các khoản đi vay,-67590882984.0,-67531551087.0,-230735969609.0,-63372521705.0,-128874659193.0,-268948406296.0,-145932856004.0,-245821487776.0,-349271044868.0,-310131449269.0
34,Tiền thanh toán vốn gốc đi thuê tài chính,0.0,0.0,0.0,0.0,0.0,0.0,0.0,0.0,0.0,0.0
35,Cổ tức đã trả,-20250000.0,20250000.0,0.0,0.0,0.0,0.0,0.0,-236241246000.0,0.0,0.0
37,Lưu chuyển tiền thuần trong kỳ,-87188879957.0,9807877713.0,19170968922.0,-19263182222.0,116681775882.0,-79304072141.0,-45963807076.0,192698391256.0,-180664471552.0,113008711733.0
38,Tiền và tương đương tiền đầu kỳ,92493619361.0,5304739404.0,15112617117.0,34283586039.0,15020403817.0,131702179699.0,52398107558.0,6434300482.0,199132691738.0,18468220186.0
39,Ảnh hưởng của chênh lệch tỷ giá,0.0,0.0,0.0,0.0,0.0,0.0,0.0,0.0,0.0,0.0
40,Tiền và tương đương tiền cuối kỳ,5304739404.0,15112617117.0,34283586039.0,15020403817.0,131702179699.0,52398107558.0,6434300482.0,199132691738.0,18468220186.0,131476931919.0
