,Unnamed: 0,Q3 2020,Q4 2020,Q1 2021,Q2 2021,Q3 2021,Q4 2021,Q1 2022,Q2 2022,Q3 2022,Q4 2022
0,Lưu chuyển tiền thuần từ các hoạt động sản xuất kinh doanh,111593410241.0,22359691119.0,170509929258.0,76642452536.0,44825709106.0,137915701628.0,180310566884.0,263608987985.0,213071605233.0,-189936115449.0
1,Lãi/lỗ trước những thay đổi vốn lưu động,1747628824.0,-48376455232.0,125964871192.0,92188083120.0,66223787404.0,85941017980.0,125985175506.0,133449155869.0,112233081963.0,75637506356.0
2,Lãi trước thuế,-85713468868.0,-165197920375.0,-21596514088.0,-46537854611.0,-72807228150.0,192688033322.0,113976100018.0,9806170221.0,21061284259.0,40454151079.0
3,Khấu hao TSCĐ,56354663675.0,92081676513.0,65284071177.0,64057267685.0,59281916349.0,63761565028.0,65234926349.0,78104019305.0,69453065048.0,82802751144.0
4,Phân bổ lợi thế thương mại,0.0,0.0,0.0,0.0,0.0,0.0,0.0,0.0,0.0,0.0
5,Chi phí dự phòng,0.0,-22510281960.0,0.0,0.0,21757994345.0,-16783549839.0,0.0,0.0,0.0,45302601089.0
6,Lãi/(lỗ) chênh lệch tỷ giá chưa thực hiện,0.0,0.0,0.0,0.0,0.0,0.0,0.0,0.0,0.0,0.0
8,Lãi/(lỗ) từ hoạt động đầu tư,7894725818.0,-10569629919.0,-1328946399.0,-8085383439.0,-7258811224.0,-228244341363.0,-128314000375.0,-32030840032.0,-54430582093.0,-174428234318.0
9,Chi phí lãi vay,23211708199.0,57819700509.0,83606260502.0,82754053485.0,65249916084.0,74519310832.0,75088149514.0,77569806375.0,76149314749.0,81506237362.0
11,Các khoản điều chỉnh khác,0.0,0.0,0.0,0.0,0.0,0.0,0.0,0.0,0.0,0.0
12,(Tăng)/giảm các khoản phải thu,51412335530.0,789661286365.0,121206204183.0,73578038013.0,-48693397537.0,95119344441.0,83381404696.0,-283989547909.0,-233587681265.0,110271144402.0
13,(Tăng)/giảm hàng tồn kho,-5895154882.0,-10184433545.0,17137645659.0,14158576898.0,645097903.0,95360869572.0,16769270465.0,39640587295.0,-4867606582.0,38768730945.0
14,Tăng/(giảm) các khoản phải trả,104939356241.0,-619187509826.0,39114111737.0,31008546189.0,77510802006.0,-5021562381.0,49017692037.0,674693857489.0,349250389651.0,59437465425.0
15,( Tăng)/giảm chi phí trả trước,114680807170.0,-7821711325.0,-8325386447.0,-44663740648.0,33991585363.0,75245288845.0,27585291172.0,-242852041567.0,162498667008.0,1559061204.0
16,(Tăng)/giảm chứng khoán kinh doanh,0.0,0.0,0.0,0.0,0.0,0.0,0.0,0.0,0.0,-359320000000.0
17,Chi phí lãi vay đã trả,-106232611410.0,-86607621800.0,-106991582197.0,-87219662557.0,-68214084121.0,-187966794034.0,-104987020565.0,-46815081209.0,-172019927831.0,-111385165160.0
18,Thuế thu nhập doanh nghiệp đã trả,-27133179944.0,-17988602606.0,-17568819489.0,-2746339373.0,-18470189197.0,-18618519996.0,-17441246427.0,-10311803384.0,-641456310.0,-4904858621.0
19,Tiền thu khác từ các hoạt động kinh doanh,160595527.0,108610630.0,0.0,697601666.0,2423812079.0,-3121413745.0,0.0,0.0,0.0,0.0
20,Tiền chi khác từ các hoạt động kinh doanh,-22086366815.0,22756128458.0,-27115380.0,-358650772.0,-591704794.0,977470946.0,0.0,-206138599.0,206138599.0,0.0
21,Lưu chuyển tiền tệ ròng từ hoạt động đầu tư,7315317731.0,-13722940822.0,-5297048974.0,27957264264.0,-13997284366.0,-545475940449.0,-63976467732.0,-103703692938.0,-61541820316.0,367551549615.0
22,Tiền mua tài sản cố định và các tài sản dài hạn khác,-7038076176.0,7218446455.0,-29335211492.0,-30247973826.0,-29996232299.0,31288990431.0,-226131930.0,-109968393602.0,-98890945025.0,-45887843959.0
23,Tiền thu được từ thanh lý tài sản cố định,12522018182.0,93600000.0,435576187.0,46300000.0,757000000.0,-1238876187.0,0.0,0.0,15636363636.0,0.0
24,Tiền cho vay hoặc mua công cụ nợ,650000000.0,-20096300000.0,-45963398516.0,9178595484.0,-18905694000.0,-623159110152.0,-238374517980.0,-535825482020.0,-570000000000.0,75166000000.0
25,Tiền thu từ cho vay hoặc thu từ phát hành công cụ nợ,213331485.0,2250000000.0,20325000000.0,42787098516.0,33253347311.0,-47240445827.0,12504125164.0,236128174836.0,279027307184.0,844984632903.0
26,Đầu tư vào các doanh nghiệp khác,0.0,0.0,0.0,0.0,0.0,814267831.0,-1000000000.0,1000000000.0,0.0,-794912557190.0
27,Tiền thu từ việc bán các khoản đầu tư vào các doanh nghiệp khác,0.0,-2000000.0,43500000000.0,0.0,0.0,93767700000.0,150000000000.0,313745749523.0,303279230643.0,272963589357.0
28,Cổ tức và tiền lãi nhận được,968044240.0,-3186687277.0,5740984847.0,6193244090.0,894294622.0,291533455.0,13120057014.0,-8783741675.0,9406223246.0,15237728504.0
29,Lưu chuyển tiền tệ từ hoạt động tài chính,-34019901415.0,-33892731296.0,-55399213339.0,-103921633866.0,-37558735100.0,726029669921.0,-144817467811.0,20150615536.0,-160587000000.0,-8254217614.0
30,Tiền thu từ phát hành cổ phiếu và vốn góp,0.0,0.0,0.0,0.0,0.0,800000000000.0,0.0,0.0,0.0,0.0
31,"Chi trả cho việc mua lại, trả lại cổ phiếu",0.0,0.0,0.0,0.0,0.0,0.0,0.0,0.0,0.0,0.0
32,Tiền thu được các khoản đi vay,5000005000.0,1817876480.0,1013001057.0,20542865134.0,31080173900.0,3867995000.0,36850000000.0,-21000000000.0,550000000.0,41508850926.0
33,Tiển trả các khoản đi vay,-39014999000.0,-35710607776.0,-56412214396.0,-124464499000.0,-68638909000.0,-77838325079.0,-181667467811.0,42259235736.0,-161137000000.0,-49818500000.0
34,Tiền thanh toán vốn gốc đi thuê tài chính,0.0,0.0,0.0,0.0,0.0,0.0,0.0,0.0,0.0,0.0
35,Cổ tức đã trả,-4907415.0,0.0,0.0,0.0,0.0,0.0,0.0,-1108620200.0,0.0,55431460.0
37,Lưu chuyển tiền thuần trong kỳ,84888826557.0,-25255980999.0,109813666945.0,678082934.0,-6730310360.0,318469431100.0,-28483368659.0,180055910583.0,-9057215083.0,169361216552.0
38,Tiền và tương đương tiền đầu kỳ,159689866053.0,244578692610.0,219322711611.0,329136378556.0,329814461490.0,323084151130.0,641553582230.0,613070213571.0,793126124154.0,784068909071.0
39,Ảnh hưởng của chênh lệch tỷ giá,0.0,0.0,0.0,0.0,0.0,0.0,0.0,0.0,0.0,0.0
40,Tiền và tương đương tiền cuối kỳ,244578692610.0,219322711611.0,329136378556.0,329814461490.0,323084151130.0,641553582230.0,613070213571.0,793126124154.0,784068909071.0,953430125623.0
