,Unnamed: 0,2013,2014,2015,2016,2017,2018,2019,2020,2021,2022
0,Lưu chuyển tiền thuần từ các hoạt động sản xuất kinh doanh,120573390366.0,893720640790.0,424395002498.0,648504814724.0,477170120116.0,327224442687.0,70905595456.0,142810035827.0,-214578901256.0,479857130973.0
1,Lãi/lỗ trước những thay đổi vốn lưu động,64341191047.0,410034324945.0,387731517650.0,806121208420.0,846485419211.0,332778102013.0,443375631955.0,121347605531.0,363830934324.0,438389642964.0
2,Lãi trước thuế,15279687141.0,334091776928.0,196792964403.0,489690420207.0,367526410750.0,94087707123.0,72884013080.0,-247023496833.0,50180509489.0,190982547638.0
3,Khấu hao TSCĐ,27036644057.0,47872668184.0,97303819081.0,177996726361.0,360568743941.0,179118367127.0,221953611971.0,251374115373.0,252070858174.0,291798298567.0
5,Chi phí dự phòng,-459665562.0,-402592147.0,18227556419.0,8576886016.0,-385610699.0,21401049657.0,10288399853.0,-22510281960.0,4855944506.0,24331370434.0
6,Lãi/(lỗ) chênh lệch tỷ giá chưa thực hiện,0.0,0.0,0.0,-415047.0,1273250.0,0.0,0.0,0.0,0.0,0.0
8,Lãi/(lỗ) từ hoạt động đầu tư,-5522037870.0,-10822125847.0,-30188754732.0,-55924962987.0,-49216258257.0,-101340450580.0,-117599789579.0,-57783510092.0,-251748947711.0,-378870829204.0
9,Chi phí lãi vay,28006563281.0,39294597827.0,105595932479.0,185782553870.0,167990860226.0,139511428686.0,255849396630.0,197290779043.0,308472569866.0,310148255529.0
11,Các khoản điều chỉnh khác,0.0,0.0,0.0,0.0,0.0,0.0,0.0,0.0,0.0,0.0
12,(Tăng)/giảm các khoản phải thu,80509099920.0,177408152999.0,-249696811662.0,-210655272629.0,198598084831.0,28897667841.0,386551985140.0,887930312402.0,-360865335369.0,-311017982493.0
13,(Tăng)/giảm hàng tồn kho,118390286011.0,59857198479.0,3150869617.0,14877050098.0,-6914137350.0,-30239412020.0,40387105574.0,-86154177491.0,123386812228.0,62418097741.0
14,Tăng/(giảm) các khoản phải trả,-84453406657.0,293149074507.0,527307839084.0,387235506154.0,-87882281965.0,343571083717.0,-168696147564.0,-300643825102.0,112518430069.0,1060379932735.0
15,( Tăng)/giảm chi phí trả trước,-164729068.0,-46884641.0,-55229493573.0,-87892952841.0,-145241685145.0,-106417959444.0,-210955277119.0,-38555995401.0,56247747113.0,-53290321005.0
16,(Tăng)/giảm chứng khoán kinh doanh,0.0,0.0,0.0,0.0,0.0,0.0,0.0,0.0,0.0,-360454500000.0
17,Chi phí lãi vay đã trả,-52549754457.0,-39104022824.0,-105595932479.0,-185782553870.0,-239416630533.0,-188927306182.0,-392121789003.0,-388132918671.0,-452226633190.0,-334697813590.0
18,Thuế thu nhập doanh nghiệp đã trả,-5548555371.0,-4830754003.0,-77111737189.0,-75776496608.0,-87841419375.0,-52101471986.0,-24777985947.0,-53639451500.0,-57470856431.0,-21374786780.0
19,Tiền thu khác từ các hoạt động kinh doanh,1813877656.0,2685891369.0,0.0,4902687957.0,28233508.0,0.0,1370442943.0,1994305334.0,0.0,0.0
20,Tiền chi khác từ các hoạt động kinh doanh,-1764618715.0,-5432340041.0,-6161248950.0,-4524361957.0,-645463066.0,-336261252.0,-4228370523.0,-1335819275.0,0.0,-495138599.0
21,Lưu chuyển tiền tệ ròng từ hoạt động đầu tư,-426653864805.0,-1333653579243.0,-1718863129303.0,-2090877511139.0,-2200636438901.0,-565994955299.0,-187827924900.0,21060237239.0,107659684259.0,149582913769.0
22,Tiền mua tài sản cố định và các tài sản dài hạn khác,-319955877907.0,-1229922135562.0,-1428234049051.0,-1858918764739.0,-2205292495366.0,-719940917619.0,-195063803329.0,-51672234004.0,-59583185318.0,-191462769560.0
23,Tiền thu được từ thanh lý tài sản cố định,0.0,220454545.0,26000000.0,873111086.0,8045888700.0,1355261909.0,3058105291.0,13165618182.0,481876187.0,15428803754.0
24,Tiền cho vay hoặc mua công cụ nợ,-46063000000.0,-149540072883.0,-362172556045.0,-1111981000000.0,-711915757860.0,-156449368255.0,-29347100000.0,-46581300000.0,-111231705700.0,-1194672073506.0
25,Tiền thu từ cho vay hoặc thu từ phát hành công cụ nợ,1135292948.0,110740000000.0,285817412400.0,774582462253.0,742972536137.0,355824416458.0,26300114502.0,6767331485.0,130262098516.0,1214234373506.0
26,Đầu tư vào các doanh nghiệp khác,-64150000000.0,-83202049400.0,-224501000000.0,0.0,-78753673464.0,-157515743040.0,-662000000.0,-246000000.0,-1000000000.0,-795912557191.0
27,Tiền thu từ việc bán các khoản đầu tư vào các doanh nghiệp khác,1050000000.0,1850000000.0,0.0,0.0,0.0,86775001004.0,79664756.0,94971907713.0,136633976000.0,1041488569523.0
28,Cổ tức và tiền lãi nhận được,1329720154.0,16200224057.0,10201063393.0,104566680261.0,44307062952.0,23956394244.0,7807093880.0,4654913863.0,12096624574.0,60478567243.0
29,Lưu chuyển tiền tệ từ hoạt động tài chính,541439405081.0,501188119697.0,1511287337690.0,1294180642392.0,1618962325414.0,57113094866.0,120472652017.0,-90624548365.0,529150087616.0,-317563501349.0
30,Tiền thu từ phát hành cổ phiếu và vốn góp,3960000000.0,200180000000.0,270000000000.0,513066830000.0,524755528889.0,0.0,0.0,0.0,800000000000.0,0.0
31,"Chi trả cho việc mua lại, trả lại cổ phiếu",0.0,0.0,0.0,0.0,0.0,-709567.0,0.0,0.0,0.0,0.0
32,Tiền thu được các khoản đi vay,1454126964486.0,2180938304482.0,2395740703827.0,1799067319936.0,1865467970206.0,768800250427.0,183743456729.0,81187851094.0,56636040091.0,57908850926.0
33,Tiển trả các khoản đi vay,-916340898655.0,-1879802003785.0,-1154445206137.0,-853768510279.0,-654127153406.0,-591544280144.0,-62867979917.0,-171807492044.0,-327485952475.0,-374363732075.0
34,Tiền thanh toán vốn gốc đi thuê tài chính,-298563900.0,0.0,0.0,0.0,0.0,0.0,0.0,0.0,0.0,0.0
35,Cổ tức đã trả,-8096850.0,-128181000.0,-8160000.0,-164184997265.0,-117134020275.0,-120142165850.0,-402824795.0,-4907415.0,0.0,-1108620200.0
37,Lưu chuyển tiền thuần trong kỳ,235358930642.0,61255181244.0,216819210885.0,-148192054023.0,-104503993371.0,-181657417746.0,3550322573.0,73245724701.0,422230870619.0,311876543393.0
38,Tiền và tương đương tiền đầu kỳ,63446806706.0,298805737348.0,360060918592.0,576880129477.0,428688075454.0,324184082083.0,142526664337.0,146076986910.0,219322711611.0,641553582230.0
39,Ảnh hưởng của chênh lệch tỷ giá,0.0,0.0,0.0,0.0,0.0,0.0,0.0,0.0,0.0,0.0
40,Tiền và tương đương tiền cuối kỳ,298805737348.0,360060918592.0,576880129477.0,428688075454.0,324184082083.0,142526664337.0,146076986910.0,219322711611.0,641553582230.0,953430125623.0
