,Unnamed: 0,2013,2014,2015,2016,2017,2018,2019,2020,2021,2022
0,Lưu chuyển tiền thuần từ các hoạt động sản xuất kinh doanh,-9915248767.0,54221767834.0,-46858497541.0,-116839603681.0,-324149662084.0,58993357803.0,77254746831.0,422226421267.0,335903192024.0,-664794046566.0
1,Lãi/lỗ trước những thay đổi vốn lưu động,16536491696.0,30608131034.0,49499942730.0,119499678899.0,167723083184.0,200788404338.0,148814564745.0,216403972628.0,239453216680.0,318298857549.0
2,Lãi trước thuế,1573643643.0,17241121408.0,37208923285.0,96579812817.0,110191703125.0,124586955131.0,65476386771.0,157621544040.0,201953289589.0,300099076069.0
3,Khấu hao TSCĐ,7503028211.0,7584491787.0,8620309937.0,15218349193.0,28776856141.0,39785315120.0,42919569032.0,38465007200.0,39190756153.0,37187749115.0
5,Chi phí dự phòng,-395316512.0,1122488618.0,-1163784191.0,10513588.0,0.0,0.0,1331723351.0,1124527926.0,1675465080.0,1365000000.0
6,Lãi/(lỗ) chênh lệch tỷ giá chưa thực hiện,0.0,-61218200.0,-82272850.0,0.0,0.0,0.0,0.0,0.0,0.0,0.0
8,Lãi/(lỗ) từ hoạt động đầu tư,-123817744.0,272721719.0,-266852910.0,-4381895677.0,-7458390597.0,-6030485881.0,-17619331555.0,-21476711367.0,-20933446005.0,-49645609191.0
9,Chi phí lãi vay,7978954098.0,4448525702.0,5183619459.0,12072898978.0,36212914515.0,42446619968.0,56706217146.0,40669604829.0,17567151863.0,29292641556.0
11,Các khoản điều chỉnh khác,0.0,0.0,0.0,0.0,0.0,0.0,0.0,0.0,0.0,0.0
12,(Tăng)/giảm các khoản phải thu,12740500372.0,-24586530223.0,-19368440506.0,-127093169902.0,-176584375774.0,-284532651416.0,273359254396.0,144382876207.0,3534860006.0,-50110559179.0
13,(Tăng)/giảm hàng tồn kho,-14167053192.0,14784656465.0,-142302017698.0,-130457515099.0,-238963531190.0,38350222579.0,-131953788615.0,155578390720.0,-18629584856.0,-762333287335.0
14,Tăng/(giảm) các khoản phải trả,-15729711152.0,36610933109.0,79730651209.0,48931505342.0,-21286696745.0,162007653675.0,-139456504217.0,-30270361306.0,155854615982.0,-74619633484.0
15,( Tăng)/giảm chi phí trả trước,-527261223.0,1000717540.0,-3753225490.0,2270535739.0,2304102186.0,8792296663.0,4772190191.0,471141687.0,-754904945.0,-12721433013.0
16,(Tăng)/giảm chứng khoán kinh doanh,0.0,0.0,0.0,0.0,0.0,0.0,0.0,0.0,0.0,0.0
17,Chi phí lãi vay đã trả,-8343172755.0,-4448525702.0,-5281735873.0,-12661614720.0,-36212914515.0,-42446619968.0,-56706217146.0,-40669604829.0,-17567151863.0,-22310942482.0
18,Thuế thu nhập doanh nghiệp đã trả,-625042513.0,-151852953.0,-5368371913.0,-17329023940.0,-21116068482.0,-23965948068.0,-21574752523.0,-23669993840.0,-25987858980.0,-60997048622.0
19,Tiền thu khác từ các hoạt động kinh doanh,200000000.0,404238564.0,0.0,0.0,0.0,0.0,0.0,0.0,0.0,0.0
20,Tiền chi khác từ các hoạt động kinh doanh,0.0,0.0,-15300000.0,0.0,-13260748.0,0.0,0.0,0.0,0.0,0.0
21,Lưu chuyển tiền tệ ròng từ hoạt động đầu tư,-2783203827.0,-15690208116.0,-31688771470.0,-55608130597.0,-195246176582.0,-85053318022.0,-1496648065.0,52376777830.0,-42316990296.0,-373202743500.0
22,Tiền mua tài sản cố định và các tài sản dài hạn khác,-15440704282.0,-37712437291.0,-68722211235.0,-126020078304.0,-390437985358.0,-356054019044.0,-623724055717.0,-458123898220.0,-396720654018.0,-705244367300.0
23,Tiền thu được từ thanh lý tài sản cố định,12657500455.0,21915712162.0,37553621821.0,60207771125.0,191998378274.0,270523227783.0,621957658301.0,509993872727.0,353895896198.0,309195994143.0
24,Tiền cho vay hoặc mua công cụ nợ,0.0,0.0,0.0,0.0,0.0,0.0,0.0,0.0,0.0,0.0
25,Tiền thu từ cho vay hoặc thu từ phát hành công cụ nợ,0.0,0.0,0.0,2000000000.0,3000000000.0,0.0,0.0,0.0,0.0,0.0
26,Đầu tư vào các doanh nghiệp khác,0.0,0.0,-589150000.0,0.0,0.0,0.0,0.0,0.0,0.0,0.0
27,Tiền thu từ việc bán các khoản đầu tư vào các doanh nghiệp khác,0.0,0.0,0.0,7642805169.0,0.0,0.0,0.0,0.0,0.0,0.0
28,Cổ tức và tiền lãi nhận được,0.0,106517013.0,68967944.0,561371413.0,193430502.0,477473239.0,269749351.0,506803323.0,507767524.0,22845629657.0
29,Lưu chuyển tiền tệ từ hoạt động tài chính,13891376413.0,-36173360116.0,87981481144.0,190464316686.0,547412516146.0,78259504867.0,-86922878715.0,-502784539036.0,-287491041933.0,1110931234724.0
30,Tiền thu từ phát hành cổ phiếu và vốn góp,0.0,0.0,0.0,0.0,0.0,0.0,17280000000.0,0.0,16789595000.0,0.0
31,"Chi trả cho việc mua lại, trả lại cổ phiếu",0.0,0.0,0.0,-172818181.0,0.0,0.0,-2234667764.0,0.0,0.0,0.0
32,Tiền thu được các khoản đi vay,370579310079.0,362005547180.0,655184369388.0,1314720416303.0,4063964096653.0,4923947897964.0,5371968767812.0,4991459758660.0,4225213951340.0,4920440265027.0
33,Tiển trả các khoản đi vay,-356687933666.0,-398178907296.0,-567202888244.0,-1124083281436.0,-3516551580507.0,-4810928654613.0,-5421999159263.0,-5439717478196.0,-4529494588273.0,-3784750539303.0
34,Tiền thanh toán vốn gốc đi thuê tài chính,0.0,0.0,0.0,0.0,0.0,0.0,0.0,0.0,0.0,0.0
35,Cổ tức đã trả,0.0,0.0,0.0,0.0,0.0,-34759738484.0,-51937819500.0,-54526819500.0,0.0,-24758491000.0
37,Lưu chuyển tiền thuần trong kỳ,1192923819.0,2358199602.0,9434212133.0,18016582408.0,28016677480.0,52199544648.0,-11164779949.0,-28181339939.0,6095159795.0,72934444658.0
38,Tiền và tương đương tiền đầu kỳ,9586050703.0,10778974522.0,13137174124.0,22571386257.0,40587968665.0,68604646145.0,120804190793.0,109639410844.0,81458070905.0,87553230700.0
39,Ảnh hưởng của chênh lệch tỷ giá,0.0,0.0,0.0,0.0,0.0,0.0,0.0,0.0,0.0,0.0
40,Tiền và tương đương tiền cuối kỳ,10778974522.0,13137174124.0,22571386257.0,40587968665.0,68604646145.0,120804190793.0,109639410844.0,81458070905.0,87553230700.0,160487675358.0
