,Unnamed: 0,2013,2014,2015,2016,2017,2018,2019,2020,2021,2022
0,Lưu chuyển tiền thuần từ các hoạt động sản xuất kinh doanh,-6723217489.0,62534959934.0,41356726700.0,46725213964.0,-19974912280.0,22197537536.0,-18820064948.0,85251707060.0,22689858783.0,-19224995637.0
1,Lãi/lỗ trước những thay đổi vốn lưu động,11895084105.0,71297694696.0,62374212393.0,61826053749.0,-22178869570.0,28835049796.0,-19688421233.0,88725232849.0,28996502914.0,10371467011.0
2,Lãi trước thuế,11712770888.0,72298196786.0,63230586241.0,64999889036.0,-21603445876.0,30267362330.0,-23025278081.0,86943550100.0,27668330907.0,8369987113.0
3,Khấu hao TSCĐ,5732863145.0,5609851041.0,5457620421.0,5420095141.0,4209250769.0,4862260714.0,6040132100.0,5682804844.0,5581768673.0,5508473038.0
5,Chi phí dự phòng,-243000000.0,0.0,0.0,30515000.0,2366209827.0,-2366209827.0,0.0,50000000.0,214665525.0,-73580550.0
6,Lãi/(lỗ) chênh lệch tỷ giá chưa thực hiện,0.0,0.0,0.0,0.0,0.0,0.0,0.0,0.0,0.0,0.0
8,Lãi/(lỗ) từ hoạt động đầu tư,-5458779928.0,-6718355131.0,-6353823269.0,-8624445428.0,-7150884290.0,-3928363421.0,-2703275252.0,-3951122095.0,-4468262191.0,-3466398891.0
9,Chi phí lãi vay,151230000.0,108002000.0,39829000.0,0.0,0.0,0.0,0.0,0.0,0.0,32986301.0
11,Các khoản điều chỉnh khác,0.0,0.0,0.0,0.0,0.0,0.0,0.0,0.0,0.0,0.0
12,(Tăng)/giảm các khoản phải thu,1508013862.0,800776593.0,364687587.0,-3037140685.0,2486091460.0,-2259922228.0,1352202106.0,-506117943.0,-1324164750.0,-1363821281.0
13,(Tăng)/giảm hàng tồn kho,7155625708.0,2053393074.0,1636969306.0,1240797266.0,6606258032.0,-6302193984.0,13903734095.0,2638872646.0,10824483199.0,-21654635537.0
14,Tăng/(giảm) các khoản phải trả,-8138343310.0,4094864757.0,-3647244056.0,2400504204.0,-1885643060.0,4098734619.0,-10150177234.0,4980478615.0,-4620611297.0,-534539158.0
15,( Tăng)/giảm chi phí trả trước,-1783944291.0,-2340063265.0,-119725792.0,1686430099.0,3420078992.0,1041793333.0,1140147565.0,-3392092420.0,-1655839814.0,1102996456.0
16,(Tăng)/giảm chứng khoán kinh doanh,0.0,0.0,0.0,0.0,0.0,0.0,0.0,0.0,0.0,0.0
17,Chi phí lãi vay đã trả,-151230000.0,-108002000.0,-39829000.0,0.0,0.0,0.0,0.0,0.0,0.0,-10726027.0
18,Thuế thu nhập doanh nghiệp đã trả,-2120488367.0,-11735127921.0,-11444374474.0,-10753719669.0,-2253206193.0,-1600000000.0,-2245927847.0,-4130574390.0,-5395783469.0,-2592574101.0
19,Tiền thu khác từ các hoạt động kinh doanh,1367674513.0,217820000.0,55500000.0,163677000.0,29890000.0,0.0,0.0,0.0,0.0,0.0
20,Tiền chi khác từ các hoạt động kinh doanh,-16455609709.0,-1746396000.0,-7823469264.0,-6801388000.0,-6199511941.0,-1615924000.0,-3131622400.0,-3064092297.0,-4134728000.0,-4543163000.0
21,Lưu chuyển tiền tệ ròng từ hoạt động đầu tư,644803946.0,-7895467826.0,-3146976893.0,-41379410128.0,49838381133.0,25355174566.0,7856513356.0,-80816415773.0,16182898667.0,9096347306.0
22,Tiền mua tài sản cố định và các tài sản dài hạn khác,-7093871596.0,-707575000.0,-4120097948.0,-6953496939.0,-23376446143.0,-19539799340.0,-195679817.0,-339536418.0,-2555354000.0,-2058658429.0
23,Tiền thu được từ thanh lý tài sản cố định,1576101318.0,183773500.0,1351008364.0,181341682.0,125000000.0,511796818.0,14398000.0,0.0,0.0,0.0
24,Tiền cho vay hoặc mua công cụ nợ,-11500000000.0,-48000000000.0,-55500000000.0,-104500000000.0,0.0,-5000000000.0,0.0,-135746180822.0,-69593562763.0,-61450000000.0
25,Tiền thu từ cho vay hoặc thu từ phát hành công cụ nợ,13000000000.0,33000000000.0,48000000000.0,61500000000.0,0.0,34000000000.0,5000000000.0,51900000000.0,83846180822.0,69593562763.0
26,Đầu tư vào các doanh nghiệp khác,0.0,0.0,0.0,0.0,0.0,0.0,0.0,0.0,0.0,0.0
27,Tiền thu từ việc bán các khoản đầu tư vào các doanh nghiệp khác,0.0,0.0,0.0,0.0,64500000000.0,11250000000.0,0.0,0.0,0.0,0.0
28,Cổ tức và tiền lãi nhận được,4662574224.0,7628333674.0,7122112691.0,8392745129.0,8589827276.0,4133177088.0,3037795173.0,3369301467.0,4485634608.0,3011442972.0
29,Lưu chuyển tiền tệ từ hoạt động tài chính,-4272000000.0,-11922000000.0,-26070000000.0,-15750000000.0,-40500000000.0,-10125000000.0,-50625000000.0,-21262500100.0,-23625000000.0,-11200000000.0
30,Tiền thu từ phát hành cổ phiếu và vốn góp,0.0,0.0,0.0,0.0,0.0,0.0,0.0,0.0,0.0,0.0
31,"Chi trả cho việc mua lại, trả lại cổ phiếu",0.0,0.0,0.0,0.0,0.0,0.0,0.0,0.0,0.0,0.0
32,Tiền thu được các khoản đi vay,0.0,0.0,0.0,0.0,0.0,0.0,0.0,0.0,0.0,9200000000.0
33,Tiển trả các khoản đi vay,-672000000.0,-672000000.0,-1320000000.0,0.0,0.0,0.0,0.0,0.0,0.0,-1500000000.0
34,Tiền thanh toán vốn gốc đi thuê tài chính,-3600000000.0,0.0,0.0,0.0,0.0,0.0,0.0,0.0,0.0,0.0
35,Cổ tức đã trả,0.0,-11250000000.0,-24750000000.0,-15750000000.0,-40500000000.0,-10125000000.0,-50625000000.0,-21262500100.0,-23625000000.0,-18900000000.0
37,Lưu chuyển tiền thuần trong kỳ,-10350413543.0,42717492108.0,12139749807.0,-10404196164.0,-10636531147.0,37427712102.0,-61588551592.0,-16827208813.0,15247757450.0,-21328648331.0
38,Tiền và tương đương tiền đầu kỳ,25048284911.0,14697871368.0,57415363476.0,69555113283.0,59150917119.0,48514385972.0,85942098074.0,24353546482.0,7526337669.0,22774095119.0
39,Ảnh hưởng của chênh lệch tỷ giá,0.0,0.0,0.0,0.0,0.0,0.0,0.0,0.0,0.0,0.0
40,Tiền và tương đương tiền cuối kỳ,14697871368.0,57415363476.0,69555113283.0,59150917119.0,48514385972.0,85942098074.0,24353546482.0,7526337669.0,22774095119.0,1445446788.0
