,Unnamed: 0,2013,2014,2015,2016,2017,2018,2019,2020,2021,2022
0,Lưu chuyển tiền thuần từ các hoạt động sản xuất kinh doanh,-15702748922.0,23677958680.0,54668676510.0,108791449295.0,34699013434.0,20608523969.0,29693246873.0,18107377738.0,48229556385.0,18208973130.0
1,Lãi/lỗ trước những thay đổi vốn lưu động,36836394655.0,37819802576.0,49258645092.0,36530157714.0,39960190163.0,52529645215.0,48843078630.0,41772251407.0,31944163086.0,22575983340.0
2,Lãi trước thuế,38017158753.0,34535965235.0,44467883920.0,28563285966.0,26738101652.0,34389193866.0,36820192639.0,33174780138.0,21719970654.0,22240928914.0
3,Khấu hao TSCĐ,12216219703.0,13525452768.0,13729816022.0,13760991361.0,17242259403.0,23914109086.0,22524491757.0,22270202843.0,20739818768.0,16197765783.0
5,Chi phí dự phòng,-825604464.0,-11115439131.0,-5268239270.0,697257371.0,4333170212.0,2561153503.0,-917955408.0,-3004139618.0,-888995068.0,-756893759.0
6,Lãi/(lỗ) chênh lệch tỷ giá chưa thực hiện,0.0,0.0,0.0,0.0,0.0,0.0,0.0,0.0,0.0,0.0
8,Lãi/(lỗ) từ hoạt động đầu tư,-12646571092.0,-1240120413.0,-3803203787.0,-6491376984.0,-8371707771.0,-8334811240.0,-9583650358.0,-10668591956.0,-9626631268.0,-15105817598.0
9,Chi phí lãi vay,75191755.0,2113944117.0,132388207.0,0.0,18366667.0,0.0,0.0,0.0,0.0,0.0
11,Các khoản điều chỉnh khác,0.0,0.0,0.0,0.0,0.0,0.0,0.0,0.0,0.0,0.0
12,(Tăng)/giảm các khoản phải thu,-60916391082.0,15764353581.0,26020927605.0,87117319045.0,-9781117997.0,-32571354737.0,-37081058522.0,3269346018.0,21935668778.0,-25475828940.0
13,(Tăng)/giảm hàng tồn kho,248041698.0,-257843586.0,207616356.0,136033269.0,-551341172.0,-359058571.0,916392087.0,-850744852.0,-1125203756.0,1022410627.0
14,Tăng/(giảm) các khoản phải trả,20305479022.0,-17892243137.0,-6807875217.0,-3785915795.0,14080184975.0,13703341400.0,30317262482.0,-11459593941.0,5071591676.0,14828461793.0
15,( Tăng)/giảm chi phí trả trước,0.0,0.0,0.0,0.0,0.0,0.0,0.0,0.0,0.0,0.0
16,(Tăng)/giảm chứng khoán kinh doanh,0.0,0.0,0.0,0.0,0.0,0.0,0.0,0.0,0.0,20990879270.0
17,Chi phí lãi vay đã trả,-75191755.0,-2113944117.0,-132388207.0,0.0,-18366667.0,0.0,0.0,0.0,0.0,0.0
18,Thuế thu nhập doanh nghiệp đã trả,-9784750324.0,-6729345627.0,-10594067685.0,-8961283843.0,-4649766198.0,-7111399244.0,-7504091503.0,-7117572026.0,-4149593679.0,-4873141216.0
19,Tiền thu khác từ các hoạt động kinh doanh,0.0,0.0,0.0,0.0,0.0,0.0,0.0,0.0,0.0,0.0
20,Tiền chi khác từ các hoạt động kinh doanh,-2316331136.0,-2912821010.0,-3284181434.0,-2244861095.0,-4340769670.0,-5582650094.0,-5798336301.0,-7506308868.0,-5447069720.0,-10859791744.0
21,Lưu chuyển tiền tệ ròng từ hoạt động đầu tư,15659823276.0,-4755872477.0,2062106696.0,-68938364398.0,-71431305456.0,-15175411629.0,-23363782981.0,4809071719.0,-42197302292.0,-10832581555.0
22,Tiền mua tài sản cố định và các tài sản dài hạn khác,-17484513800.0,0.0,-1340872727.0,-248958636.0,-98220013227.0,-5600222869.0,-1801936858.0,-2149066363.0,0.0,0.0
23,Tiền thu được từ thanh lý tài sản cố định,8034727272.0,0.0,1438863636.0,0.0,0.0,0.0,122477273.0,144412728.0,0.0,5374090910.0
24,Tiền cho vay hoặc mua công cụ nợ,0.0,-21000000000.0,0.0,-85000000000.0,-107138263889.0,-174000000000.0,-199656702978.0,-153973075637.0,-229002089297.0,-386546062523.0
25,Tiền thu từ cho vay hoặc thu từ phát hành công cụ nợ,0.0,0.0,0.0,14000000000.0,122138263889.0,156000000000.0,169527419178.0,150913977635.0,177291518884.0,360459649943.0
26,Đầu tư vào các doanh nghiệp khác,-33597000000.0,35992890.0,-219556630.0,-1244450480.0,0.0,0.0,0.0,0.0,0.0,0.0
27,Tiền thu từ việc bán các khoản đầu tư vào các doanh nghiệp khác,53925211860.0,14968014220.0,0.0,0.0,1500000000.0,0.0,0.0,0.0,0.0,0.0
28,Cổ tức và tiền lãi nhận được,4781397944.0,1240120413.0,2183672417.0,3555044718.0,10288707771.0,8424811240.0,8444960404.0,9872823356.0,9513268121.0,9879740115.0
29,Lưu chuyển tiền tệ từ hoạt động tài chính,7041492265.0,-14627724897.0,-14083790868.0,-13102132300.0,-15716661430.0,-15572558760.0,-19655995725.0,-15724796580.0,-13003664150.0,-10333197720.0
30,Tiền thu từ phát hành cổ phiếu và vốn góp,0.0,0.0,7671186000.0,0.0,10000000.0,150000000.0,0.0,0.0,100000000.0,150000000.0
31,"Chi trả cho việc mua lại, trả lại cổ phiếu",0.0,0.0,0.0,0.0,0.0,0.0,0.0,0.0,0.0,0.0
32,Tiền thu được các khoản đi vay,26277072265.0,89334440685.0,0.0,0.0,76000000000.0,0.0,0.0,0.0,0.0,0.0
33,Tiển trả các khoản đi vay,0.0,-103935101582.0,-11676411368.0,0.0,-76000000000.0,0.0,0.0,0.0,0.0,0.0
34,Tiền thanh toán vốn gốc đi thuê tài chính,0.0,0.0,0.0,0.0,0.0,0.0,0.0,0.0,0.0,0.0
35,Cổ tức đã trả,-19235580000.0,-27064000.0,-10078565500.0,-13102132300.0,-15726661430.0,-15722558760.0,-19655995725.0,-15724796580.0,-13103664150.0,-10483197720.0
37,Lưu chuyển tiền thuần trong kỳ,6998566619.0,4294361306.0,42646992338.0,26750952597.0,-52448953452.0,-10139446420.0,-13326531833.0,7191652877.0,-6971410057.0,-2956806145.0
38,Tiền và tương đương tiền đầu kỳ,8439605234.0,15438171853.0,19732533159.0,62379525497.0,89130478094.0,36681524642.0,26542078222.0,13215546389.0,20407199266.0,13435789209.0
39,Ảnh hưởng của chênh lệch tỷ giá,0.0,0.0,0.0,0.0,0.0,0.0,0.0,0.0,0.0,0.0
40,Tiền và tương đương tiền cuối kỳ,15438171853.0,19732533159.0,62379525497.0,89130478094.0,36681524642.0,26542078222.0,13215546389.0,20407199266.0,13435789209.0,10478983064.0
