,Unnamed: 0,Q3 2020,Q4 2020,Q1 2021,Q2 2021,Q3 2021,Q4 2021,Q1 2022,Q2 2022,Q3 2022,Q4 2022
0,Lưu chuyển tiền thuần từ các hoạt động sản xuất kinh doanh,158745755391.0,-21925973949.0,2667759724.0,18284481697.0,-7380029293.0,155231659414.0,124785490764.0,-61529964045.0,23180609252.0,5557714998.0
1,Lãi/lỗ trước những thay đổi vốn lưu động,12204972962.0,-3789168505.0,11931351572.0,5505647346.0,20846764756.0,7344724203.0,12420667269.0,5862050788.0,1872097427.0,7241137290.0
2,Lãi trước thuế,1408530018.0,-976076152.0,1398590674.0,2327568578.0,1268351133.0,2407670596.0,6278362978.0,13744646885.0,1433460428.0,4114247418.0
3,Khấu hao TSCĐ,669359561.0,665502225.0,396999425.0,232356873.0,170517922.0,169639374.0,169330374.0,166549374.0,166549374.0,166549374.0
4,Phân bổ lợi thế thương mại,0.0,0.0,0.0,0.0,0.0,0.0,0.0,0.0,0.0,0.0
5,Chi phí dự phòng,0.0,-19159686001.0,0.0,0.0,0.0,0.0,0.0,0.0,0.0,2814208627.0
6,Lãi/(lỗ) chênh lệch tỷ giá chưa thực hiện,0.0,0.0,0.0,0.0,0.0,0.0,0.0,0.0,0.0,0.0
8,Lãi/(lỗ) từ hoạt động đầu tư,1796892170.0,-90909090.0,0.0,-7150189371.0,7150189371.0,0.0,0.0,-17493770374.0,-117031718.0,-250299972.0
9,Chi phí lãi vay,8330191213.0,15772000513.0,10135761473.0,10095911266.0,12257706330.0,4767414233.0,5972973917.0,9444624903.0,389119343.0,396431843.0
11,Các khoản điều chỉnh khác,0.0,0.0,0.0,0.0,0.0,0.0,0.0,0.0,0.0,0.0
12,(Tăng)/giảm các khoản phải thu,-17445281867.0,1867230726250.0,-61560780620.0,-68538187003.0,-38729296341.0,98650478227.0,-16472115409.0,3955587391.0,57693376403.0,32061704735.0
13,(Tăng)/giảm hàng tồn kho,4499843486.0,18557282621.0,-13439190292.0,4637195972.0,2474094072.0,-55912612084.0,-9035033779.0,-12079897390.0,24611916661.0,5415035027.0
14,Tăng/(giảm) các khoản phải trả,159779230788.0,-1903930998775.0,65718875603.0,77154070516.0,8074092197.0,157088315829.0,138159867330.0,-40028807258.0,-60647688595.0,-32499520340.0
15,( Tăng)/giảm chi phí trả trước,166931488.0,65382248.0,17503461.0,-1424570.0,-21046477.0,-6490302.0,-263257147.0,2036239.0,-8820391.0,-96089482.0
16,(Tăng)/giảm chứng khoán kinh doanh,0.0,0.0,0.0,0.0,0.0,0.0,0.0,0.0,0.0,0.0
17,Chi phí lãi vay đã trả,-21432294.0,0.0,0.0,-65700000.0,-24637500.0,-51932756459.0,-24637500.0,-18844114232.0,-340272253.0,-6343514164.0
18,Thuế thu nhập doanh nghiệp đã trả,-438509172.0,-59197788.0,0.0,-407120564.0,0.0,0.0,0.0,-396819583.0,0.0,-221038068.0
19,Tiền thu khác từ các hoạt động kinh doanh,0.0,0.0,0.0,0.0,0.0,0.0,0.0,0.0,0.0,0.0
20,Tiền chi khác từ các hoạt động kinh doanh,0.0,0.0,0.0,0.0,0.0,0.0,0.0,0.0,0.0,0.0
21,Lưu chuyển tiền tệ ròng từ hoạt động đầu tư,-157772467930.0,23621178846.0,-41900000.0,-11809443785.0,11775125603.0,141943298655.0,-117873790514.0,59548944645.0,-21883229143.0,-9107793032.0
22,Tiền mua tài sản cố định và các tài sản dài hạn khác,-71818182.0,0.0,-41900000.0,7581818.0,-41900000.0,0.0,0.0,0.0,0.0,0.0
23,Tiền thu được từ thanh lý tài sản cố định,0.0,90909090.0,0.0,0.0,0.0,0.0,0.0,0.0,0.0,0.0
24,Tiền cho vay hoặc mua công cụ nợ,-166618197066.0,-37611162995.0,0.0,-34881204030.0,34881204030.0,-144434662617.0,-134987784937.0,38718716712.0,-35112849260.0,-21036095173.0
25,Tiền thu từ cho vay hoặc thu từ phát hành công cụ nợ,10714340659.0,61141432751.0,0.0,23054810974.0,-23054810974.0,286377961272.0,17113994423.0,19522475265.0,13337372785.0,11928302141.0
26,Đầu tư vào các doanh nghiệp khác,0.0,0.0,0.0,0.0,0.0,0.0,0.0,0.0,0.0,0.0
27,Tiền thu từ việc bán các khoản đầu tư vào các doanh nghiệp khác,0.0,0.0,0.0,0.0,0.0,0.0,0.0,1200000000.0,0.0,0.0
28,Cổ tức và tiền lãi nhận được,-1796793341.0,0.0,0.0,9367453.0,-9367453.0,0.0,0.0,107752668.0,-107752668.0,0.0
29,Lưu chuyển tiền tệ từ hoạt động tài chính,-6472051935.0,-4197911210.0,0.0,-9227150180.0,-176563283.0,-300557386537.0,0.0,-80000000.0,0.0,0.0
30,Tiền thu từ phát hành cổ phiếu và vốn góp,0.0,0.0,0.0,0.0,0.0,0.0,0.0,0.0,0.0,0.0
31,"Chi trả cho việc mua lại, trả lại cổ phiếu",0.0,0.0,0.0,0.0,0.0,0.0,0.0,0.0,0.0,0.0
32,Tiền thu được các khoản đi vay,1700000000.0,0.0,0.0,730000000.0,-730000000.0,0.0,0.0,0.0,650000000.0,0.0
33,Tiển trả các khoản đi vay,-8172051935.0,-4197911210.0,0.0,-9957150180.0,553436717.0,-300557386537.0,0.0,-80000000.0,-650000000.0,0.0
34,Tiền thanh toán vốn gốc đi thuê tài chính,0.0,0.0,0.0,0.0,0.0,0.0,0.0,0.0,0.0,0.0
35,Cổ tức đã trả,0.0,0.0,0.0,0.0,0.0,0.0,0.0,0.0,0.0,0.0
37,Lưu chuyển tiền thuần trong kỳ,-5498764474.0,-2502706313.0,2625859724.0,-2752112268.0,4218533027.0,-3382428468.0,6911700250.0,-2061019400.0,1297380109.0,-3550078034.0
38,Tiền và tương đương tiền đầu kỳ,37144583976.0,31645819502.0,29143096529.0,31768956253.0,29016843985.0,33235377012.0,29853555011.0,36765255261.0,34704235861.0,36001615970.0
39,Ảnh hưởng của chênh lệch tỷ giá,0.0,0.0,0.0,0.0,0.0,0.0,0.0,0.0,0.0,0.0
40,Tiền và tương đương tiền cuối kỳ,31645819502.0,29143113189.0,31768956253.0,29016843985.0,33235377012.0,29852948544.0,36765255261.0,34704235861.0,36001615970.0,32451537936.0
