,Unnamed: 0,Q3 2020,Q4 2020,Q1 2021,Q2 2021,Q3 2021,Q4 2021,Q1 2022,Q2 2022,Q3 2022,Q4 2022
0,Lưu chuyển tiền thuần từ các hoạt động sản xuất kinh doanh,1826300120.0,-89755475574.0,379849944488.0,-378038160403.0,-106580100672.0,542445154089.0,42001884642.0,4850125552.0,-22707164805.0,-72299932.0
1,Lãi/lỗ trước những thay đổi vốn lưu động,856515385.0,26450308540.0,5819707893.0,-4981915747.0,-54259646216.0,-1646273647.0,49730484049.0,-62143993268.0,565212678.0,-11818335599.0
2,Lãi trước thuế,34404326960.0,74885130717.0,4277757907.0,35799613087.0,1785167275.0,-4722290927.0,44073159626.0,-90813475044.0,-3045223434.0,-14350570924.0
3,Khấu hao TSCĐ,1368662428.0,10239916201.0,8674551563.0,-7333144883.0,987714238.0,251780901.0,1229363349.0,8339974649.0,-645738889.0,2107623761.0
4,Phân bổ lợi thế thương mại,0.0,0.0,0.0,0.0,0.0,0.0,0.0,0.0,0.0,0.0
5,Chi phí dự phòng,-32564546090.0,-63916397905.0,-7132338011.0,11465973377.0,-56701118992.0,-14235694.0,-200000000.0,15488278316.0,3026065239.0,-575001407.0
6,Lãi/(lỗ) chênh lệch tỷ giá chưa thực hiện,0.0,0.0,0.0,0.0,0.0,0.0,0.0,0.0,0.0,0.0
8,Lãi/(lỗ) từ hoạt động đầu tư,513353812.0,15646017.0,-263566.0,-49928506077.0,-1728712234.0,-289493648.0,-439214763.0,-70326957.0,251120449.0,-387029.0
9,Chi phí lãi vay,-2865281725.0,5226013510.0,0.0,5014148749.0,1397303497.0,3127965721.0,5067175837.0,4911555768.0,978989313.0,1000000000.0
11,Các khoản điều chỉnh khác,0.0,0.0,0.0,0.0,0.0,0.0,0.0,0.0,0.0,0.0
12,(Tăng)/giảm các khoản phải thu,-14177449948.0,-175590064226.0,328197269396.0,-306877715064.0,-273739080633.0,702712779207.0,-12129446370.0,-41067271729.0,-26379651046.0,11094478676.0
13,(Tăng)/giảm hàng tồn kho,1.0,-79381624153.0,-1408778310.0,-6502431209.0,-31874508530.0,68789478505.0,27121752925.0,0.0,2576335797.0,0.0
14,Tăng/(giảm) các khoản phải trả,15043121806.0,139390702670.0,39712356816.0,-26055229354.0,237558568389.0,-226217864255.0,-17968071769.0,105431675574.0,1977225723.0,650152160.0
15,( Tăng)/giảm chi phí trả trước,104112876.0,198106435.0,7529388693.0,-8696166544.0,8370313072.0,0.0,0.0,0.0,0.0,1404831.0
16,(Tăng)/giảm chứng khoán kinh doanh,0.0,0.0,0.0,0.0,0.0,0.0,0.0,0.0,-3569407175.0,3569407175.0
17,Chi phí lãi vay đã trả,0.0,0.0,0.0,-15883730947.0,-1676718292.0,-1192965721.0,-4752834193.0,2629714975.0,2123119218.0,-3569407175.0
18,Thuế thu nhập doanh nghiệp đã trả,0.0,-822904840.0,0.0,-9040971538.0,9040971538.0,0.0,0.0,0.0,0.0,0.0
19,Tiền thu khác từ các hoạt động kinh doanh,0.0,0.0,0.0,0.0,0.0,0.0,0.0,0.0,0.0,0.0
20,Tiền chi khác từ các hoạt động kinh doanh,0.0,0.0,0.0,0.0,0.0,0.0,0.0,0.0,0.0,0.0
21,Lưu chuyển tiền tệ ròng từ hoạt động đầu tư,-358894967.0,24212114202.0,-369791447182.0,400856308190.0,57967119226.0,-493330839201.0,-20155725170.0,-12716316697.0,23105124158.0,-324784907.0
22,Tiền mua tài sản cố định và các tài sản dài hạn khác,141000000.0,24196678251.0,24357964492.0,-24407955401.0,0.0,-396584069896.0,-3144180364.0,-27443436364.0,20562277748.0,-66363636.0
23,Tiền thu được từ thanh lý tài sản cố định,-500000000.0,0.0,0.0,8400000000.0,-8400000000.0,0.0,0.0,0.0,0.0,0.0
24,Tiền cho vay hoặc mua công cụ nợ,0.0,0.0,0.0,-130000000000.0,0.0,0.0,13000000000.0,-28500000000.0,15500000000.0,0.0
25,Tiền thu từ cho vay hoặc thu từ phát hành công cụ nợ,0.0,0.0,0.0,0.0,130000000000.0,0.0,0.0,13000000000.0,-13000000000.0,0.0
26,Đầu tư vào các doanh nghiệp khác,0.0,0.0,-394149675240.0,235507098944.0,-63633864481.0,-208288250000.0,-30450759569.0,30427757804.0,23001765.0,0.0
27,Tiền thu từ việc bán các khoản đầu tư vào các doanh nghiệp khác,0.0,0.0,0.0,311357428213.0,0.0,111498695395.0,0.0,0.0,0.0,0.0
28,Cổ tức và tiền lãi nhận được,105033.0,15435951.0,263566.0,-263566.0,983707.0,42785300.0,439214763.0,-200638137.0,19844645.0,-258421271.0
29,Lưu chuyển tiền tệ từ hoạt động tài chính,-1603482969.0,67801482969.0,-10010000000.0,-25000000000.0,89618921263.0,-89618921263.0,-14649450000.0,0.0,0.0,0.0
30,Tiền thu từ phát hành cổ phiếu và vốn góp,0.0,0.0,0.0,0.0,0.0,0.0,0.0,0.0,0.0,0.0
31,"Chi trả cho việc mua lại, trả lại cổ phiếu",0.0,0.0,0.0,0.0,0.0,0.0,0.0,0.0,0.0,0.0
32,Tiền thu được các khoản đi vay,-1603482969.0,67801482969.0,-10010000000.0,144000000000.0,166357610449.0,34250000000.0,0.0,13316929636.0,-27966379636.0,0.0
33,Tiển trả các khoản đi vay,0.0,0.0,0.0,-169000000000.0,-76738689186.0,-123868921263.0,-14649450000.0,-13316929636.0,27966379636.0,0.0
34,Tiền thanh toán vốn gốc đi thuê tài chính,0.0,0.0,0.0,0.0,0.0,0.0,0.0,0.0,0.0,0.0
35,Cổ tức đã trả,0.0,0.0,0.0,0.0,0.0,0.0,0.0,0.0,0.0,0.0
37,Lưu chuyển tiền thuần trong kỳ,-136077816.0,2258121597.0,48497306.0,-2181852213.0,41005939817.0,-40504606375.0,7196709472.0,-7866191145.0,397959353.0,-397084839.0
38,Tiền và tương đương tiền đầu kỳ,351578998.0,215501182.0,2581203771.0,2629701077.0,447848864.0,41453788681.0,956945592.0,8153655064.0,287463919.0,685423272.0
39,Ảnh hưởng của chênh lệch tỷ giá,0.0,0.0,0.0,0.0,0.0,0.0,0.0,0.0,0.0,0.0
40,Tiền và tương đương tiền cuối kỳ,215501182.0,2473622779.0,2629701077.0,447848864.0,41453788681.0,949182306.0,8153655064.0,287463919.0,685423272.0,288338433.0
