,Unnamed: 0,2013,2014,2015,2016,2017,2018,2019,2020,2021,2022
0,Lưu chuyển tiền thuần từ các hoạt động sản xuất kinh doanh,-1873752753.0,-231685734.0,15243083717.0,-37321160437.0,31125599906.0,-8573254977.0,56095435667.0,83536772844.0,-16116894364.0,-48361727644.0
1,Lãi/lỗ trước những thay đổi vốn lưu động,-349172764.0,2217355285.0,2009715014.0,-2229832249.0,-681336019.0,1649750623.0,-1458692819.0,-10704160499.0,-854412932.0,-1222836655.0
2,Lãi trước thuế,-1373525936.0,1058063873.0,9330610902.0,5034347055.0,-1592500211.0,980345690.0,76271109.0,145832396.0,1018004308.0,1239947309.0
3,Khấu hao TSCĐ,346416473.0,773073444.0,256928144.0,77135271.0,161998536.0,88727262.0,15455988.0,0.0,0.0,18226362.0
5,Chi phí dự phòng,0.0,0.0,0.0,0.0,0.0,0.0,0.0,0.0,0.0,22683391.0
6,Lãi/(lỗ) chênh lệch tỷ giá chưa thực hiện,0.0,0.0,0.0,0.0,0.0,0.0,0.0,0.0,0.0,0.0
8,Lãi/(lỗ) từ hoạt động đầu tư,283404108.0,-59010715.0,-7721305428.0,-7377429435.0,673236241.0,532114275.0,-1550419916.0,-10849992895.0,-1872417240.0,-2503693717.0
9,Chi phí lãi vay,394532591.0,445228683.0,143481396.0,36114860.0,75929415.0,48563396.0,0.0,0.0,0.0,0.0
11,Các khoản điều chỉnh khác,0.0,0.0,0.0,0.0,0.0,0.0,0.0,0.0,0.0,0.0
12,(Tăng)/giảm các khoản phải thu,-2143620201.0,-27216280411.0,8892515300.0,-13559752642.0,17745777080.0,51787740539.0,66529365501.0,72462695817.0,-54940416402.0,-984759735.0
13,(Tăng)/giảm hàng tồn kho,-889710967.0,-4055456960.0,-10137383516.0,9224227898.0,2260986369.0,1874084644.0,15904805.0,10018609262.0,0.0,642896510.0
14,Tăng/(giảm) các khoản phải trả,1578179198.0,28598655510.0,14498920610.0,-28778548407.0,7828122911.0,-64554224323.0,-5099285032.0,10815882839.0,39341232357.0,-46858031798.0
15,( Tăng)/giảm chi phí trả trước,54441922.0,-159350517.0,128183705.0,-498153779.0,-2066244303.0,717956936.0,-1073783595.0,971074371.0,363642733.0,268706485.0
16,(Tăng)/giảm chứng khoán kinh doanh,0.0,0.0,0.0,0.0,0.0,0.0,0.0,0.0,0.0,0.0
17,Chi phí lãi vay đã trả,-381869941.0,465591359.0,-148867396.0,-36114860.0,-75929415.0,-48563396.0,0.0,0.0,0.0,0.0
18,Thuế thu nhập doanh nghiệp đã trả,0.0,0.0,0.0,-1442986398.0,0.0,0.0,-2818073193.0,-27328946.0,-26940120.0,-207702451.0
19,Tiền thu khác từ các hoạt động kinh doanh,358000000.0,0.0,0.0,0.0,6114223283.0,0.0,0.0,0.0,0.0,0.0
20,Tiền chi khác từ các hoạt động kinh doanh,-100000000.0,-82200000.0,0.0,0.0,0.0,0.0,0.0,0.0,0.0,0.0
21,Lưu chuyển tiền tệ ròng từ hoạt động đầu tư,-361937825.0,-169974705952.0,-9552053158.0,25093244051.0,40446306241.0,9565990084.0,-57598060084.0,-82325280530.0,14471317240.0,51114299944.0
22,Tiền mua tài sản cố định và các tài sản dài hạn khác,-830544544.0,0.0,-2000000.0,-1542705384.0,-96930000.0,0.0,-200000000.0,-10000000000.0,-32000000000.0,-182263636.0
23,Tiền thu được từ thanh lý tài sản cố định,400000000.0,0.0,2308181818.0,0.0,0.0,600000000.0,0.0,0.0,10000000000.0,0.0
24,Tiền cho vay hoặc mua công cụ nợ,-258508562.0,0.0,0.0,-8663000000.0,-5000000000.0,0.0,0.0,0.0,0.0,-96700000000.0
25,Tiền thu từ cho vay hoặc thu từ phát hành công cụ nợ,243852722.0,0.0,400000000.0,3500000000.0,19000000000.0,10163000000.0,0.0,0.0,0.0,106700000000.0
26,Đầu tư vào các doanh nghiệp khác,-5000000000.0,-170000000000.0,-19300000000.0,0.0,-51660000000.0,-36817236000.0,-75968480000.0,-99661520000.0,-18400000000.0,-21700000000.0
27,Tiền thu từ việc bán các khoản đầu tư vào các doanh nghiệp khác,5000000000.0,0.0,7020000000.0,30162500000.0,77530000000.0,35580000000.0,17020000000.0,27336000000.0,54248900000.0,61601100000.0
28,Cổ tức và tiền lãi nhận được,83262559.0,25294048.0,21765024.0,1636449435.0,673236241.0,40226084.0,1550419916.0,239470.0,622417240.0,1395463580.0
29,Lưu chuyển tiền tệ từ hoạt động tài chính,2002303670.0,170180371133.0,-5392333332.0,13304120004.0,33705568008.0,-700000012.0,0.0,0.0,0.0,0.0
30,Tiền thu từ phát hành cổ phiếu và vốn góp,0.0,170000000000.0,0.0,12404120000.0,33905568000.0,0.0,0.0,0.0,0.0,0.0
31,"Chi trả cho việc mua lại, trả lại cổ phiếu",0.0,0.0,0.0,0.0,0.0,0.0,0.0,0.0,0.0,0.0
32,Tiền thu được các khoản đi vay,9408330609.0,10446000000.0,5219412500.0,1000000000.0,0.0,0.0,0.0,700000000.0,0.0,0.0
33,Tiển trả các khoản đi vay,-6982526939.0,-10003462199.0,-10087412500.0,-99999996.0,-199999992.0,-700000012.0,0.0,-700000000.0,0.0,0.0
34,Tiền thanh toán vốn gốc đi thuê tài chính,-423500000.0,-262166668.0,-524333332.0,0.0,0.0,0.0,0.0,0.0,0.0,0.0
35,Cổ tức đã trả,0.0,0.0,0.0,0.0,0.0,0.0,0.0,0.0,0.0,0.0
37,Lưu chuyển tiền thuần trong kỳ,-233386908.0,-26020553.0,298697227.0,1076203618.0,105277474155.0,292735095.0,-1502624417.0,1211492314.0,-1645577124.0,2752572300.0
38,Tiền và tương đương tiền đầu kỳ,350159021.0,116772113.0,90751560.0,389448787.0,1465652405.0,2076037736.0,2368772831.0,866148414.0,2077640728.0,432063604.0
39,Ảnh hưởng của chênh lệch tỷ giá,0.0,0.0,0.0,0.0,0.0,0.0,0.0,0.0,0.0,0.0
40,Tiền và tương đương tiền cuối kỳ,116772113.0,90751560.0,389448787.0,1465652405.0,106743126560.0,2368772831.0,866148414.0,2077640728.0,432063604.0,3184635904.0
