,Unnamed: 0,Q3 2020,Q4 2020,Q1 2021,Q2 2021,Q3 2021,Q4 2021,Q1 2022,Q2 2022,Q3 2022,Q4 2022
0,Lưu chuyển tiền thuần từ các hoạt động sản xuất kinh doanh,-82282878972.0,-42053797574.0,-90553814895.0,-120400605976.0,5288605740.0,-4261197362.0,-247386980919.0,-108614816497.0,-380003875281.0,642253617802.0
1,Lãi/lỗ trước những thay đổi vốn lưu động,28058994892.0,11265808879.0,31904310725.0,61837783396.0,71395502801.0,83991569437.0,19528395355.0,19077382102.0,74225914306.0,22826288487.0
2,Lãi trước thuế,22768087531.0,21474587344.0,36917955819.0,66199787922.0,71014078192.0,79623220656.0,18089733418.0,70757105586.0,71513081563.0,19986570842.0
3,Khấu hao TSCĐ,888919637.0,901788235.0,913500500.0,932981545.0,948710055.0,1070901764.0,1121335628.0,1140170110.0,1140170110.0,1139501239.0
4,Phân bổ lợi thế thương mại,0.0,0.0,0.0,0.0,0.0,0.0,0.0,0.0,0.0,0.0
5,Chi phí dự phòng,0.0,0.0,0.0,300000000.0,0.0,4275796392.0,0.0,0.0,-1883870426.0,0.0
6,Lãi/(lỗ) chênh lệch tỷ giá chưa thực hiện,0.0,0.0,0.0,0.0,0.0,0.0,0.0,0.0,0.0,0.0
8,Lãi/(lỗ) từ hoạt động đầu tư,4100804998.0,-11004570336.0,-6247788308.0,-6361412268.0,-1086320736.0,-5133302622.0,-2556896283.0,-56300794150.0,-638601412.0,-5031508734.0
9,Chi phí lãi vay,301182726.0,-105996364.0,320642714.0,766426197.0,519035290.0,4154953247.0,2874222592.0,3480900556.0,4095134471.0,6731725140.0
11,Các khoản điều chỉnh khác,0.0,0.0,0.0,0.0,0.0,0.0,0.0,0.0,0.0,0.0
12,(Tăng)/giảm các khoản phải thu,1364383606.0,-37820619448.0,-33452957146.0,-234012461927.0,-317382104281.0,-174611273811.0,-334944086024.0,92807165008.0,-48232871203.0,82793283883.0
13,(Tăng)/giảm hàng tồn kho,-229086440928.0,-317000828590.0,-42121638885.0,-74622388926.0,2091756966.0,-5899934763.0,-31534434159.0,-374628558243.0,57927227046.0,-94625630673.0
14,Tăng/(giảm) các khoản phải trả,147318129357.0,347844494535.0,6965565785.0,184930990014.0,286999287580.0,98843715802.0,122305750161.0,171577183134.0,87227995355.0,354137256449.0
15,( Tăng)/giảm chi phí trả trước,-27614487806.0,-40613131247.0,-34598705143.0,-66543108754.0,-15216772668.0,-5750831919.0,1033992420.0,-16200067908.0,-512333506580.0,310663867065.0
16,(Tăng)/giảm chứng khoán kinh doanh,0.0,0.0,0.0,0.0,0.0,0.0,0.0,0.0,0.0,0.0
17,Chi phí lãi vay đã trả,2695241846.0,-3009309850.0,-319327646.0,-554317551.0,-572384414.0,-834442108.0,-3276301019.0,-1203353202.0,-3795145271.0,-5662942174.0
18,Thuế thu nhập doanh nghiệp đã trả,-5018699939.0,-2720211853.0,-18931062585.0,8562897772.0,-22026680244.0,0.0,-20500297653.0,-44567388.0,-35023488934.0,-27878505235.0
19,Tiền thu khác từ các hoạt động kinh doanh,0.0,0.0,0.0,0.0,0.0,0.0,0.0,0.0,0.0,0.0
20,Tiền chi khác từ các hoạt động kinh doanh,0.0,0.0,0.0,0.0,0.0,0.0,0.0,0.0,0.0,0.0
21,Lưu chuyển tiền tệ ròng từ hoạt động đầu tư,-121591923578.0,-26551467156.0,-30471691088.0,78681767707.0,-87868775341.0,-10631761344.0,-452075793795.0,137561487688.0,424759592946.0,-446083411891.0
22,Tiền mua tài sản cố định và các tài sản dài hạn khác,-982019326.0,-742271879.0,-953879592.0,-849796315.0,0.0,-139513455.0,-1147731199.0,0.0,0.0,0.0
23,Tiền thu được từ thanh lý tài sản cố định,0.0,0.0,0.0,0.0,0.0,0.0,0.0,0.0,0.0,70000000.0
24,Tiền cho vay hoặc mua công cụ nợ,-124138462023.0,-60291158685.0,-165469018754.0,-21000000000.0,-125000000000.0,-36000000000.0,-759320000000.0,409098000000.0,-40500000000.0,-435214000000.0
25,Tiền thu từ cho vay hoặc thu từ phát hành công cụ nợ,4500000000.0,52500000000.0,92325342466.0,120000000000.0,37000000000.0,25098000000.0,310000000000.0,57902000000.0,45400000000.0,3291000000.0
26,Đầu tư vào các doanh nghiệp khác,0.0,-18739961315.0,0.0,-21780300000.0,0.0,0.0,-4500000000.0,-426570119075.0,420070119075.0,-16300000000.0
27,Tiền thu từ việc bán các khoản đầu tư vào các doanh nghiệp khác,0.0,0.0,42445528000.0,0.0,0.0,0.0,0.0,92500000000.0,0.0,0.0
28,Cổ tức và tiền lãi nhận được,-971442229.0,721924723.0,1180336792.0,2311864022.0,131224659.0,409752111.0,2891937404.0,4631606763.0,-210526129.0,2069588109.0
29,Lưu chuyển tiền tệ từ hoạt động tài chính,181128438737.0,71411160163.0,252717960536.0,-57308926787.0,19203383427.0,-3067726617.0,717247542755.0,-22301334781.0,40040261442.0,-120424030000.0
30,Tiền thu từ phát hành cổ phiếu và vốn góp,0.0,0.0,342300000000.0,0.0,0.0,0.0,735091342755.0,38417245.0,73512900000.0,0.0
31,"Chi trả cho việc mua lại, trả lại cổ phiếu",0.0,0.0,0.0,0.0,0.0,0.0,0.0,0.0,0.0,0.0
32,Tiền thu được các khoản đi vay,227555025998.0,208016603107.0,253095249417.0,150191951583.0,167918277768.0,147130729200.0,17733900000.0,64713900000.0,23862809416.0,6231900000.0
33,Tiển trả các khoản đi vay,-46426587261.0,-120305442944.0,-342677288881.0,-207083715870.0,-148708444341.0,-150182330817.0,-35577700000.0,-87053652026.0,-57335447974.0,-126651000000.0
34,Tiền thanh toán vốn gốc đi thuê tài chính,0.0,0.0,0.0,0.0,0.0,0.0,0.0,0.0,0.0,0.0
35,Cổ tức đã trả,0.0,-16300000000.0,0.0,-417162500.0,-6450000.0,-16125000.0,0.0,0.0,0.0,-4930000.0
37,Lưu chuyển tiền thuần trong kỳ,-22746363813.0,2805895433.0,131692454553.0,-99027765056.0,-63376786174.0,-17960685323.0,17784768041.0,6645336410.0,84795979107.0,75746175911.0
38,Tiền và tương đương tiền đầu kỳ,101648368248.0,78902004435.0,81707899868.0,213400354421.0,114372589365.0,50995803191.0,33035117868.0,50819885909.0,57465222319.0,142261201426.0
39,Ảnh hưởng của chênh lệch tỷ giá,0.0,0.0,0.0,0.0,0.0,0.0,0.0,0.0,0.0,0.0
40,Tiền và tương đương tiền cuối kỳ,78902004435.0,81707899868.0,213400354421.0,114372589365.0,50995803191.0,33035117868.0,50819885909.0,57465222319.0,142261201426.0,218007377337.0
