,Unnamed: 0,2012,2013,2014,2015,2016,2017,2018,2019,2020,2021
0,Lưu chuyển tiền thuần từ các hoạt động sản xuất kinh doanh,27792388472.0,-50948014443.0,41724376262.0,-57000922547.0,14725142950.0,48358815492.0,-15214773454.0,22505355381.0,21435431749.0,-9134561473.0
1,Lãi/lỗ trước những thay đổi vốn lưu động,45719496710.0,57457884848.0,51398790881.0,47145931342.0,-11538258489.0,11517884320.0,24097154940.0,15864527458.0,27621449060.0,32467796051.0
2,Lãi trước thuế,19759884940.0,23868464839.0,11288334636.0,20013078779.0,12486594471.0,4496973815.0,6390239238.0,4437032351.0,4016478239.0,5435331628.0
3,Khấu hao TSCĐ,12011128607.0,16996497247.0,17531137484.0,15162694353.0,4929064088.0,4722016179.0,7209981743.0,6927504497.0,10043038838.0,9833254771.0
5,Chi phí dự phòng,0.0,0.0,5000000000.0,-2252507814.0,1213351540.0,-2481839961.0,1200000000.0,-1200000000.0,0.0,0.0
6,Lãi/(lỗ) chênh lệch tỷ giá chưa thực hiện,0.0,0.0,0.0,0.0,0.0,0.0,0.0,0.0,0.0,0.0
8,Lãi/(lỗ) từ hoạt động đầu tư,511829580.0,477770515.0,1025141579.0,-1685387354.0,-3416689061.0,-60156983.0,-182167662.0,-99642242.0,-333798852.0,-2718890574.0
9,Chi phí lãi vay,13436653583.0,16115152247.0,16554177182.0,17678051414.0,8149576795.0,5215747269.0,9479101621.0,5799632852.0,13895730835.0,19918100226.0
11,Các khoản điều chỉnh khác,0.0,0.0,0.0,0.0,-34900156322.0,0.0,0.0,0.0,0.0,0.0
12,(Tăng)/giảm các khoản phải thu,65834509377.0,-19974964763.0,-33485530522.0,-96668200348.0,29106926585.0,13570577539.0,-41774110978.0,22174490638.0,-115728376205.0,39889138929.0
13,(Tăng)/giảm hàng tồn kho,-64843844340.0,-41300296492.0,20227005033.0,-42439528614.0,25391038202.0,-2466867643.0,-15955866165.0,-35727082891.0,-51284103611.0,-36353079163.0
14,Tăng/(giảm) các khoản phải trả,8272895989.0,-30083694116.0,19205710604.0,70897927386.0,-17066157306.0,37871282996.0,37166314692.0,36639331314.0,163957674771.0,-24340719980.0
15,( Tăng)/giảm chi phí trả trước,-9647459857.0,4717264888.0,7103991116.0,-9061196574.0,821728433.0,-103166975.0,-8910958118.0,3646675478.0,11388536037.0,1311942692.0
16,(Tăng)/giảm chứng khoán kinh doanh,0.0,0.0,0.0,0.0,0.0,0.0,0.0,0.0,0.0,0.0
17,Chi phí lãi vay đã trả,-13436653583.0,-16115152247.0,-17067653443.0,-17341389419.0,-8149576795.0,-9359184612.0,-9479101621.0,-18180785802.0,-13680395662.0,-19898080648.0
18,Thuế thu nhập doanh nghiệp đã trả,-987132994.0,-5451751810.0,-5384674739.0,-5956446635.0,-3011434001.0,-1378690949.0,-358206204.0,-541727814.0,-441802641.0,-849360634.0
19,Tiền thu khác từ các hoạt động kinh doanh,127597591.0,252178800.0,3727255044.0,35452105.0,28836500.0,329858964.0,0.0,0.0,0.0,4000000.0
20,Tiền chi khác từ các hoạt động kinh doanh,-3247020421.0,-449483551.0,-4000517712.0,-3613471790.0,-857960179.0,-1622878148.0,0.0,-1370073000.0,-397550000.0,-1366198720.0
21,Lưu chuyển tiền tệ ròng từ hoạt động đầu tư,-24126845690.0,-10463238385.0,-7385920743.0,-7607826475.0,-9370547617.0,-39164148462.0,-18361338912.0,-8684150129.0,-11835220714.0,-5474096816.0
22,Tiền mua tài sản cố định và các tài sản dài hạn khác,-23615016110.0,-7575467870.0,-6700552816.0,-8927902276.0,-23516902649.0,-40521435445.0,-18543506574.0,-8783792371.0,-12169019566.0,-6304682637.0
23,Tiền thu được từ thanh lý tài sản cố định,0.0,90000000.0,296000000.0,0.0,163636364.0,0.0,0.0,0.0,0.0,1363636364.0
24,Tiền cho vay hoặc mua công cụ nợ,0.0,0.0,-1500000000.0,0.0,0.0,0.0,0.0,0.0,0.0,0.0
25,Tiền thu từ cho vay hoặc thu từ phát hành công cụ nợ,0.0,0.0,0.0,0.0,0.0,0.0,0.0,0.0,0.0,0.0
26,Đầu tư vào các doanh nghiệp khác,0.0,-2500000000.0,0.0,0.0,0.0,0.0,0.0,0.0,0.0,-1145000000.0
27,Tiền thu từ việc bán các khoản đầu tư vào các doanh nghiệp khác,0.0,0.0,0.0,0.0,10330000000.0,650000000.0,0.0,0.0,0.0,0.0
28,Cổ tức và tiền lãi nhận được,-511829580.0,-477770515.0,518632073.0,1320075801.0,3652718668.0,707286983.0,182167662.0,99642242.0,333798852.0,611949457.0
29,Lưu chuyển tiền tệ từ hoạt động tài chính,-5875673208.0,76403577614.0,-42144394082.0,85305639238.0,-57644143381.0,20883551095.0,20190227146.0,-5653730914.0,23691246404.0,18407970666.0
30,Tiền thu từ phát hành cổ phiếu và vốn góp,0.0,0.0,1095385000.0,23106211000.0,0.0,0.0,0.0,0.0,0.0,0.0
31,"Chi trả cho việc mua lại, trả lại cổ phiếu",0.0,0.0,0.0,0.0,0.0,0.0,0.0,0.0,0.0,0.0
32,Tiền thu được các khoản đi vay,228449246859.0,355931434690.0,287613229630.0,419985490606.0,138659157675.0,160062563437.0,170450968468.0,191592399781.0,293277366483.0,333432635736.0
33,Tiển trả các khoản đi vay,-219723590750.0,-268606453640.0,-318734098977.0,-347483681513.0,-188324957869.0,-132578340230.0,-143140218970.0,-196673520004.0,-264872452678.0,-315024665070.0
34,Tiền thanh toán vốn gốc đi thuê tài chính,-3400462542.0,-673495436.0,-678571435.0,0.0,0.0,0.0,0.0,0.0,0.0,0.0
35,Cổ tức đã trả,-11200866775.0,-10247908000.0,-11440338300.0,-10302380855.0,-7978343187.0,-6600672112.0,-7120522352.0,-572610691.0,-4713667401.0,0.0
37,Lưu chuyển tiền thuần trong kỳ,-2210130426.0,14992324786.0,-7805938563.0,20696890216.0,-52289548048.0,30078218125.0,-13385885220.0,8167474338.0,33291457439.0,3799312377.0
38,Tiền và tương đương tiền đầu kỳ,42707530487.0,40497400061.0,59736416383.0,51930477820.0,72627368036.0,20337819988.0,50416038113.0,37030152893.0,45197627231.0,78489084670.0
39,Ảnh hưởng của chênh lệch tỷ giá,0.0,0.0,0.0,0.0,0.0,0.0,0.0,0.0,0.0,0.0
40,Tiền và tương đương tiền cuối kỳ,40497400061.0,55489724847.0,51930477820.0,72627368036.0,20337819988.0,50416038113.0,37030152893.0,45197627231.0,78489084670.0,82288397047.0
