,Unnamed: 0,Q2 2020,Q3 2020,Q4 2020,Q1 2021,Q3 2021,Q4 2021,Q1 2022,Q2 2022,Q3 2022,Q4 2022
0,Lưu chuyển tiền thuần từ các hoạt động sản xuất kinh doanh,66995713926.0,-114820816003.0,-5176399970.0,-425504645845.0,249121862333.0,-111647124504.0,13530146330.0,-27706335413.0,-214819132249.0,-117207126555.0
1,Lãi/lỗ trước những thay đổi vốn lưu động,0.0,0.0,0.0,0.0,37301582247.0,44719610913.0,12811662257.0,41683741339.0,23909479414.0,18905652103.0
2,Lãi trước thuế,0.0,0.0,0.0,0.0,28859238340.0,38761436642.0,13629113892.0,34495066475.0,6465922840.0,1896637583.0
3,Khấu hao TSCĐ,0.0,0.0,0.0,0.0,3454545645.0,6913625787.0,5210341636.0,4120622400.0,6004623267.0,5063660926.0
4,Phân bổ lợi thế thương mại,0.0,0.0,0.0,0.0,0.0,0.0,0.0,0.0,0.0,0.0
5,Chi phí dự phòng,0.0,0.0,0.0,0.0,0.0,-3054393500.0,0.0,-1467834002.0,408982598.0,4232976000.0
6,Lãi/(lỗ) chênh lệch tỷ giá chưa thực hiện,0.0,0.0,0.0,0.0,0.0,0.0,-45417982.0,45417982.0,-809604258.0,-599785729.0
8,Lãi/(lỗ) từ hoạt động đầu tư,0.0,0.0,0.0,0.0,-30775125.0,-3269014498.0,-11258042644.0,-456457950.0,10501956196.0,-436269134.0
9,Chi phí lãi vay,0.0,0.0,0.0,0.0,5018573387.0,5367956482.0,5275667355.0,4946926434.0,1337598771.0,8748432457.0
11,Các khoản điều chỉnh khác,0.0,0.0,0.0,0.0,0.0,0.0,0.0,0.0,0.0,0.0
12,(Tăng)/giảm các khoản phải thu,0.0,0.0,0.0,0.0,303518554509.0,-6886796054.0,-8099350481.0,-43041331561.0,-269512875226.0,-175666164235.0
13,(Tăng)/giảm hàng tồn kho,0.0,0.0,0.0,0.0,-284472897599.0,32278163493.0,15995205885.0,-24832551031.0,82021990823.0,-5415942439.0
14,Tăng/(giảm) các khoản phải trả,0.0,0.0,0.0,0.0,198787392338.0,-180341160535.0,945712076.0,-1655087491.0,-34437661917.0,35450560516.0
15,( Tăng)/giảm chi phí trả trước,0.0,0.0,0.0,0.0,321907710.0,-360372081.0,-91297419.0,233571047.0,80840857.0,87469102.0
16,(Tăng)/giảm chứng khoán kinh doanh,0.0,0.0,0.0,0.0,0.0,0.0,0.0,0.0,0.0,0.0
17,Chi phí lãi vay đã trả,0.0,0.0,0.0,0.0,-6237219646.0,-1056570240.0,-8031785988.0,-94565716.0,-7017116721.0,-432491081.0
18,Thuế thu nhập doanh nghiệp đã trả,0.0,0.0,0.0,0.0,-97457226.0,0.0,0.0,-112000.0,0.0,0.0
19,Tiền thu khác từ các hoạt động kinh doanh,0.0,0.0,0.0,0.0,0.0,0.0,0.0,0.0,145566822.0,-145566822.0
20,Tiền chi khác từ các hoạt động kinh doanh,0.0,0.0,0.0,0.0,0.0,0.0,0.0,0.0,-10009356301.0,10009356301.0
21,Lưu chuyển tiền tệ ròng từ hoạt động đầu tư,-21564942175.0,109175344234.0,24763947551.0,43453908420.0,-245857418430.0,126868203922.0,-205998872.0,16466060863.0,8609505051.0,-16660419752.0
22,Tiền mua tài sản cố định và các tài sản dài hạn khác,-21575751881.0,21575751881.0,-55247677737.0,0.0,-196951603391.0,123599189424.0,-341053737.0,-885026049.0,-138135164.0,-120839071.0
23,Tiền thu được từ thanh lý tài sản cố định,0.0,18527737000.0,0.0,0.0,116134127.0,-116134127.0,0.0,21184148499.0,0.0,-7691921440.0
24,Tiền cho vay hoặc mua công cụ nợ,0.0,0.0,0.0,0.0,0.0,0.0,0.0,-4000000000.0,4000000000.0,-8900000000.0
25,Tiền thu từ cho vay hoặc thu từ phát hành công cụ nợ,0.0,67076049973.0,-67000000000.0,116134127.0,-116134127.0,116134127.0,0.0,0.0,4000000000.0,0.0
26,Đầu tư vào các doanh nghiệp khác,0.0,0.0,0.0,-1562225707.0,-2933321442.0,0.0,0.0,0.0,0.0,0.0
27,Tiền thu từ việc bán các khoản đầu tư vào các doanh nghiệp khác,0.0,2000000000.0,147000000000.0,4900000000.0,0.0,0.0,0.0,0.0,0.0,0.0
28,Cổ tức và tiền lãi nhận được,10809706.0,-4194620.0,11625288.0,40000000000.0,-45972493597.0,3269014498.0,135054865.0,166938413.0,747640215.0,52340759.0
29,Lưu chuyển tiền tệ từ hoạt động tài chính,-53051414314.0,8855394100.0,-1388259490.0,378401639334.0,6616360549.0,-2104986118.0,-3194422532.0,396793547396.0,-4794304746.0,-1845488787.0
30,Tiền thu từ phát hành cổ phiếu và vốn góp,0.0,0.0,0.0,381120450000.0,0.0,0.0,0.0,399967890000.0,0.0,-220300000.0
31,"Chi trả cho việc mua lại, trả lại cổ phiếu",0.0,0.0,0.0,0.0,0.0,0.0,0.0,0.0,0.0,0.0
32,Tiền thu được các khoản đi vay,0.0,11995380000.0,0.0,0.0,10000000000.0,0.0,0.0,0.0,0.0,0.0
33,Tiển trả các khoản đi vay,-53051414314.0,-3139985900.0,-1388259490.0,-2718810666.0,-3383639451.0,-2104986118.0,-3194422532.0,-4969166989.0,-2999480361.0,-1625188787.0
34,Tiền thanh toán vốn gốc đi thuê tài chính,0.0,0.0,0.0,0.0,0.0,0.0,0.0,0.0,0.0,0.0
35,Cổ tức đã trả,0.0,0.0,0.0,0.0,0.0,0.0,0.0,1794824385.0,-1794824385.0,0.0
37,Lưu chuyển tiền thuần trong kỳ,-7620642563.0,3209922331.0,18199288091.0,-3649098091.0,9880804452.0,13116093300.0,10129724926.0,385553272846.0,-211003931944.0,-135713035094.0
38,Tiền và tương đương tiền đầu kỳ,12515122171.0,4894479608.0,8104401939.0,26303690030.0,6033314787.0,15914119239.0,29030212539.0,39159937465.0,424713210311.0,213709278367.0
39,Ảnh hưởng của chênh lệch tỷ giá,0.0,0.0,0.0,0.0,0.0,0.0,0.0,0.0,0.0,0.0
40,Tiền và tương đương tiền cuối kỳ,4894479608.0,8104401939.0,26303690030.0,22654591939.0,15914119239.0,29030212539.0,39159937465.0,424713210311.0,213709278367.0,77996243273.0
