,Unnamed: 0,2012,2013,2014,2015,2016,2017,2018,2019,2020,2021
0,Lưu chuyển tiền thuần từ các hoạt động sản xuất kinh doanh,6586065916.0,1906038097.0,-4608438177.0,-2581531580.0,8308510727.0,1741146211.0,5253428368.0,25793654006.0,17783571376.0,16688117019.0
1,Lãi/lỗ trước những thay đổi vốn lưu động,0.0,0.0,0.0,0.0,19643810696.0,23508874437.0,27928691491.0,30511031247.0,32430814138.0,36678883038.0
2,Lãi trước thuế,0.0,0.0,0.0,0.0,16009277046.0,24811686234.0,22008221018.0,26006306710.0,28495523413.0,32164237426.0
3,Khấu hao TSCĐ,0.0,0.0,0.0,5246408465.0,5626660635.0,6938904857.0,6293719269.0,4779166882.0,4626358178.0,4940504600.0
5,Chi phí dự phòng,0.0,0.0,0.0,0.0,72751057.0,-7252137734.0,0.0,0.0,0.0,0.0
6,Lãi/(lỗ) chênh lệch tỷ giá chưa thực hiện,0.0,0.0,0.0,0.0,0.0,0.0,0.0,0.0,0.0,0.0
8,Lãi/(lỗ) từ hoạt động đầu tư,0.0,0.0,0.0,0.0,-2080044709.0,-1030715906.0,-379002221.0,-274442345.0,-691067453.0,-425858988.0
9,Chi phí lãi vay,0.0,0.0,0.0,0.0,15166667.0,41136986.0,5753425.0,0.0,0.0,0.0
11,Các khoản điều chỉnh khác,0.0,0.0,0.0,0.0,0.0,0.0,0.0,0.0,0.0,0.0
12,(Tăng)/giảm các khoản phải thu,0.0,0.0,0.0,0.0,-10071126699.0,-1020137879.0,-4509732493.0,-3065265357.0,-271041113.0,-11182521744.0
13,(Tăng)/giảm hàng tồn kho,0.0,0.0,0.0,0.0,-1891445933.0,-3541127945.0,-10838886675.0,414990249.0,-3780646301.0,-12208929314.0
14,Tăng/(giảm) các khoản phải trả,0.0,0.0,0.0,0.0,3793779539.0,-8439303147.0,-2124560346.0,1569167512.0,395908847.0,4344948301.0
15,( Tăng)/giảm chi phí trả trước,0.0,0.0,0.0,0.0,-547292054.0,-3351533209.0,357571402.0,1265297947.0,1847109296.0,1524565439.0
16,(Tăng)/giảm chứng khoán kinh doanh,0.0,0.0,0.0,0.0,1194817516.0,0.0,0.0,0.0,-5000000000.0,5000000000.0
17,Chi phí lãi vay đã trả,0.0,0.0,0.0,0.0,-15166667.0,-41136986.0,-5753425.0,0.0,0.0,0.0
18,Thuế thu nhập doanh nghiệp đã trả,0.0,0.0,0.0,0.0,-2740000000.0,-4790769060.0,-4995523586.0,-4748125192.0,-6407064012.0,-6399678701.0
19,Tiền thu khác từ các hoạt động kinh doanh,0.0,0.0,0.0,0.0,0.0,0.0,0.0,0.0,0.0,0.0
20,Tiền chi khác từ các hoạt động kinh doanh,0.0,0.0,0.0,0.0,-1058865671.0,-583720000.0,-558378000.0,-153442400.0,-1431509479.0,-1069150000.0
21,Lưu chuyển tiền tệ ròng từ hoạt động đầu tư,223005868.0,454467279.0,940539102.0,5279758390.0,8334297641.0,-36277890.0,13553885201.0,-5397426212.0,-6389232175.0,4597712816.0
22,Tiền mua tài sản cố định và các tài sản dài hạn khác,-304224956.0,-390133455.0,-283577285.0,-440647607.0,-2022442684.0,-571162443.0,-154807858.0,-1630482102.0,-1801661464.0,-697126122.0
23,Tiền thu được từ thanh lý tài sản cố định,14494800.0,800000.0,0.0,0.0,0.0,55181818.0,0.0,0.0,0.0,0.0
24,Tiền cho vay hoặc mua công cụ nợ,-129263978908.0,-74938833305.0,-29432900305.0,-20738269497.0,0.0,-22159288586.0,-100330053.0,-4107256127.0,0.0,0.0
25,Tiền thu từ cho vay hoặc thu từ phát hành công cụ nợ,126477116336.0,74523435759.0,28535733788.0,24835733788.0,8468894971.0,21269374526.0,13159288586.0,100330053.0,0.0,0.0
26,Đầu tư vào các doanh nghiệp khác,0.0,0.0,0.0,0.0,0.0,0.0,0.0,0.0,-20615452258.0,-13499418464.0
27,Tiền thu từ việc bán các khoản đầu tư vào các doanh nghiệp khác,0.0,0.0,0.0,0.0,0.0,0.0,0.0,0.0,15607256127.0,18244452258.0
28,Cổ tức và tiền lãi nhận được,3299598596.0,1259198280.0,2121282904.0,1622941706.0,1887845354.0,1369616795.0,649734526.0,239981964.0,420625420.0,549805144.0
29,Lưu chuyển tiền tệ từ hoạt động tài chính,-10304050000.0,0.0,-7896000000.0,-4896000000.0,-9843200000.0,-9475200000.0,-15972000000.0,-14212800000.0,-15792000000.0,-15792000000.0
30,Tiền thu từ phát hành cổ phiếu và vốn góp,0.0,0.0,0.0,0.0,0.0,0.0,0.0,0.0,0.0,0.0
31,"Chi trả cho việc mua lại, trả lại cổ phiếu",0.0,0.0,0.0,0.0,0.0,0.0,0.0,0.0,0.0,0.0
32,Tiền thu được các khoản đi vay,0.0,0.0,0.0,3000000000.0,0.0,3000000000.0,1000000000.0,0.0,0.0,0.0
33,Tiển trả các khoản đi vay,0.0,0.0,0.0,0.0,-3000000000.0,-3000000000.0,-1000000000.0,0.0,0.0,0.0
34,Tiền thanh toán vốn gốc đi thuê tài chính,0.0,0.0,0.0,0.0,-6843200000.0,0.0,0.0,0.0,0.0,0.0
35,Cổ tức đã trả,-10304050000.0,0.0,-7896000000.0,-7896000000.0,0.0,-9475200000.0,-15972000000.0,-14212800000.0,-15792000000.0,-15792000000.0
37,Lưu chuyển tiền thuần trong kỳ,-3494978216.0,2360505376.0,-11563899075.0,-2197773190.0,6799608368.0,-7770331679.0,2835313569.0,6183427794.0,-4397660799.0,5493829835.0
38,Tiền và tương đương tiền đầu kỳ,13282602405.0,9787624189.0,12148129565.0,4284230490.0,2086457300.0,8886065668.0,1115733989.0,4131047558.0,10314475352.0,5916814553.0
39,Ảnh hưởng của chênh lệch tỷ giá,0.0,0.0,0.0,0.0,0.0,0.0,180000000.0,0.0,0.0,0.0
40,Tiền và tương đương tiền cuối kỳ,9787624189.0,12148129565.0,584230490.0,2086457300.0,8886065668.0,1115733989.0,4131047558.0,10314475352.0,5916814553.0,11410644388.0
