,Unnamed: 0,2013,2014,2015,2016,2017,2018,2019,2020,2021,2022
0,Lưu chuyển tiền thuần từ các hoạt động sản xuất kinh doanh,-89046340141.0,-164892259805.0,-24399996538.0,257764571593.0,2320176501905.0,830731321132.0,-276220111239.0,-43334706934.0,47035995615.0,71769811307.0
1,Lãi/lỗ trước những thay đổi vốn lưu động,85277729443.0,-29620404749.0,42978077651.0,32228860935.0,100964093679.0,112998678261.0,166801681504.0,164825687067.0,184681351915.0,157648847290.0
2,Lãi trước thuế,12496915524.0,27103276473.0,23915345654.0,64308921119.0,508766169511.0,106530002087.0,78301746381.0,102271729326.0,83891580911.0,44120968881.0
3,Khấu hao TSCĐ,14622708055.0,11755901408.0,13047839328.0,13615477478.0,32309793174.0,38737467407.0,46758855928.0,54954491757.0,62002348998.0,72332492209.0
5,Chi phí dự phòng,550552528.0,63369252902.0,-755492177.0,-47774804556.0,-12913602623.0,-26107373495.0,153409323.0,88583179.0,1648263.0,-4544907888.0
6,Lãi/(lỗ) chênh lệch tỷ giá chưa thực hiện,371120255.0,0.0,766616507.0,101294064.0,10120969.0,0.0,0.0,0.0,0.0,-35353572.0
8,Lãi/(lỗ) từ hoạt động đầu tư,-1593172616.0,-152662992440.0,-6670744498.0,-66197905915.0,-451405844128.0,-36644329784.0,-25346258802.0,-38761921012.0,-854226303.0,-11453193950.0
9,Chi phí lãi vay,58829605697.0,20814156908.0,12674512837.0,68175878745.0,24197456776.0,30482912046.0,66933928674.0,46272803817.0,39640000046.0,57228841610.0
11,Các khoản điều chỉnh khác,0.0,0.0,0.0,0.0,0.0,0.0,0.0,0.0,0.0,0.0
12,(Tăng)/giảm các khoản phải thu,97215201700.0,-533952328258.0,403755076128.0,238723630223.0,-717846888263.0,1146961475472.0,491205303308.0,-183410879200.0,313795910934.0,-371531943012.0
13,(Tăng)/giảm hàng tồn kho,-75908384173.0,-200413545735.0,-1321297938647.0,-704016219373.0,-819089941878.0,-577592687318.0,-860977296656.0,1073084683500.0,103116444034.0,67005993867.0
14,Tăng/(giảm) các khoản phải trả,-155217970421.0,614239406237.0,871170932622.0,834088947295.0,4504225249193.0,170625767493.0,89539802559.0,-1083879534043.0,-520582719510.0,275259219712.0
15,( Tăng)/giảm chi phí trả trước,1076213068.0,-91371862.0,58281886.0,-112882426098.0,-382392037804.0,96302314672.0,-71547614515.0,44974763381.0,41238125584.0,-4080051668.0
16,(Tăng)/giảm chứng khoán kinh doanh,0.0,0.0,0.0,0.0,0.0,0.0,0.0,0.0,0.0,0.0
17,Chi phí lãi vay đã trả,-40777051893.0,-14833371438.0,-13004125674.0,-17921333208.0,-340266625216.0,-32307124061.0,-72963413605.0,-45685628769.0,-53467465118.0,-35428493093.0
18,Thuế thu nhập doanh nghiệp đã trả,-365766365.0,0.0,-1836933704.0,-12853718181.0,-25417347806.0,-86257103387.0,-18256865561.0,-13243798870.0,-21745652224.0,-17153761789.0
19,Tiền thu khác từ các hoạt động kinh doanh,0.0,0.0,0.0,396830000.0,0.0,0.0,0.0,0.0,0.0,210000000.0
20,Tiền chi khác từ các hoạt động kinh doanh,-346311500.0,-220644000.0,-6223366800.0,0.0,0.0,0.0,-21708273.0,0.0,0.0,-160000000.0
21,Lưu chuyển tiền tệ ròng từ hoạt động đầu tư,-112568958167.0,172354098782.0,-246605055010.0,-122758152027.0,-822155590271.0,-814269610173.0,-25883000412.0,52159289093.0,-6729931760.0,12417252364.0
22,Tiền mua tài sản cố định và các tài sản dài hạn khác,-67756851005.0,-252922565225.0,-142521421738.0,-10776136590.0,-166488013233.0,-444981498903.0,-64174273929.0,-27576646248.0,-5224941077.0,-528394485.0
23,Tiền thu được từ thanh lý tài sản cố định,8141363636.0,0.0,713636364.0,2772727273.0,818181818.0,0.0,0.0,0.0,45000000.0,0.0
24,Tiền cho vay hoặc mua công cụ nợ,-136535119799.0,0.0,-93000000000.0,-650000000.0,-121864583.0,-748119409.0,0.0,0.0,-200000000.0,0.0
25,Tiền thu từ cho vay hoặc thu từ phát hành công cụ nợ,0.0,0.0,72000000000.0,0.0,0.0,0.0,12099983992.0,6000000000.0,0.0,0.0
26,Đầu tư vào các doanh nghiệp khác,0.0,-446718322196.0,-87240000000.0,-643386610983.0,-1447517411744.0,-372769661328.0,-82500000000.0,-110050000000.0,-2200000000.0,-64300000000.0
27,Tiền thu từ việc bán các khoản đầu tư vào các doanh nghiệp khác,81000000000.0,869076297830.0,0.0,528708080000.0,788080000000.0,0.0,104847136852.0,182688250000.0,0.0,76500000000.0
28,Cổ tức và tiền lãi nhận được,2581649001.0,2918688373.0,3442730364.0,573788273.0,3073517471.0,4229669467.0,3844152673.0,1097685341.0,850009317.0,745646849.0
29,Lưu chuyển tiền tệ từ hoạt động tài chính,268641579352.0,-16266184066.0,181753166877.0,-50034798533.0,-1502364818173.0,18956060177.0,185258522550.0,15359300000.0,-50029565000.0,-38108017000.0
30,Tiền thu từ phát hành cổ phiếu và vốn góp,0.0,0.0,0.0,28920000000.0,0.0,0.0,0.0,0.0,0.0,0.0
31,"Chi trả cho việc mua lại, trả lại cổ phiếu",0.0,0.0,0.0,0.0,0.0,0.0,0.0,0.0,0.0,0.0
32,Tiền thu được các khoản đi vay,525542265435.0,159340000000.0,350124986602.0,1361711729634.0,609656995855.0,453020541000.0,632066925325.0,280324000000.0,206905000000.0,215315418000.0
33,Tiển trả các khoản đi vay,-256900686083.0,-175606184066.0,-168371819725.0,-1440666528167.0,-1993211961553.0,-345502152716.0,-446808402775.0,-264964700000.0,-256934565000.0,-253423435000.0
34,Tiền thanh toán vốn gốc đi thuê tài chính,0.0,0.0,0.0,0.0,0.0,0.0,0.0,0.0,0.0,0.0
35,Cổ tức đã trả,0.0,0.0,0.0,0.0,-118809852475.0,-88562328107.0,0.0,0.0,0.0,0.0
37,Lưu chuyển tiền thuần trong kỳ,67026281044.0,-8804345089.0,-89251884671.0,84971621033.0,-4343906539.0,35417771136.0,-116844589101.0,24183882159.0,-9723501145.0,46079046671.0
38,Tiền và tương đương tiền đầu kỳ,48178518653.0,115204799697.0,106400454608.0,17148569937.0,102120190970.0,97776284431.0,133194055567.0,16349466466.0,40533348625.0,30809847480.0
39,Ảnh hưởng của chênh lệch tỷ giá,0.0,0.0,0.0,0.0,0.0,0.0,0.0,0.0,0.0,0.0
40,Tiền và tương đương tiền cuối kỳ,115204799697.0,106400454608.0,17148569937.0,102120190970.0,97776284431.0,133194055567.0,16349466466.0,40533348625.0,30809847480.0,76888894151.0
