,Unnamed: 0,2013,2014,2015,2016,2017,2018,2019,2020,2021,2022
0,Lưu chuyển tiền thuần từ các hoạt động sản xuất kinh doanh,-72749505802.0,-62392134348.0,6990091880.0,-6144226755.0,-115023344695.0,-52395036488.0,268299896068.0,40697067042.0,294604492296.0,-140942795605.0
1,Lãi/lỗ trước những thay đổi vốn lưu động,51512623395.0,41574039468.0,20953244654.0,32741718836.0,81326446741.0,108775193590.0,132193761634.0,30461548529.0,74995365323.0,13974152571.0
2,Lãi trước thuế,17359560237.0,11963332448.0,-7059690495.0,28462543478.0,61689065111.0,67618036414.0,61014327030.0,46978060531.0,33170299439.0,22886866586.0
3,Khấu hao TSCĐ,12790116293.0,13120985758.0,12121893099.0,10536050709.0,13270191962.0,19359736807.0,52906833972.0,57737566468.0,33420946546.0,32308805645.0
5,Chi phí dự phòng,0.0,0.0,3861719134.0,500000000.0,0.0,8029139764.0,-791674205.0,-4951921743.0,-666766074.0,0.0
6,Lãi/(lỗ) chênh lệch tỷ giá chưa thực hiện,0.0,0.0,0.0,0.0,0.0,2550000000.0,1048988640.0,-552022248.0,916488873.0,727600000.0
8,Lãi/(lỗ) từ hoạt động đầu tư,-3185088466.0,-5119342593.0,-1842510426.0,-18802366218.0,-12838412886.0,-16180335410.0,-13506034022.0,-95855179876.0,-9678984035.0,-54200587009.0
9,Chi phí lãi vay,24548035331.0,21609063855.0,13871833342.0,12045490867.0,19205602554.0,27398616015.0,31521320219.0,27105045397.0,17833380574.0,12251467349.0
11,Các khoản điều chỉnh khác,0.0,0.0,0.0,0.0,0.0,0.0,0.0,0.0,0.0,0.0
12,(Tăng)/giảm các khoản phải thu,-29251100847.0,-35948194765.0,56090227359.0,-13833594805.0,-164104786080.0,-72853307744.0,25526985386.0,-83619574303.0,-128839178784.0,-188094702076.0
13,(Tăng)/giảm hàng tồn kho,-21977448628.0,3745539363.0,5021886788.0,-1580496816.0,-20202974818.0,-12107704281.0,-53998166215.0,99898713940.0,2233793737.0,-10843360529.0
14,Tăng/(giảm) các khoản phải trả,-90526985556.0,-25356883564.0,-75272464334.0,21838550746.0,67239802365.0,121122202803.0,172615582877.0,-37461183692.0,349195677153.0,16306601283.0
15,( Tăng)/giảm chi phí trả trước,39028614210.0,8258615577.0,27205782224.0,-39935044600.0,-92816486760.0,-158680983183.0,36794245552.0,75217694968.0,17503396186.0,45643668816.0
16,(Tăng)/giảm chứng khoán kinh doanh,0.0,0.0,0.0,0.0,0.0,0.0,0.0,0.0,0.0,0.0
17,Chi phí lãi vay đã trả,-24040408161.0,-22249455549.0,-13964631773.0,-11688672544.0,-17997840369.0,-25494352923.0,-35306717689.0,-27966648604.0,-7156028783.0,-12292978641.0
18,Thuế thu nhập doanh nghiệp đã trả,-1874323167.0,-5921096522.0,-13043953038.0,-9944171711.0,-10885672214.0,-13156084750.0,-9525795477.0,-15298308964.0,-13328532536.0,-5636177029.0
19,Tiền thu khác từ các hoạt động kinh doanh,7862965165.0,9299636742.0,0.0,18564222000.0,42418166440.0,0.0,0.0,0.0,0.0,0.0
20,Tiền chi khác từ các hoạt động kinh doanh,-3483442213.0,-35794335098.0,0.0,-2306737861.0,0.0,0.0,0.0,-535174832.0,0.0,0.0
21,Lưu chuyển tiền tệ ròng từ hoạt động đầu tư,14673265941.0,-79087162716.0,75639403722.0,-66430864865.0,-235495143054.0,-25130947538.0,194798320835.0,-191933697173.0,-15028464708.0,40028283416.0
22,Tiền mua tài sản cố định và các tài sản dài hạn khác,-1677655819.0,-6107146240.0,-2279760508.0,-13039692061.0,-15681897744.0,-23347024365.0,-26419143992.0,-8777278911.0,-14374686567.0,-3459561778.0
23,Tiền thu được từ thanh lý tài sản cố định,4641773060.0,1503760000.0,48909090.0,16938324257.0,12666577732.0,40251878182.0,1114631312.0,956945941.0,618181818.0,57599772489.0
24,Tiền cho vay hoặc mua công cụ nợ,-103700000000.0,-266800000000.0,-55108957433.0,-45675600000.0,-272405000000.0,-172931184057.0,-122691000000.0,-139000000000.0,-262075000000.0,-240000000000.0
25,Tiền thu từ cho vay hoặc thu từ phát hành công cụ nợ,116031883000.0,194350000000.0,131758957433.0,11000000000.0,176820600000.0,251257846000.0,405756000000.0,18000000000.0,293840000000.0,250475000000.0
26,Đầu tư vào các doanh nghiệp khác,-4575000000.0,-6068000000.0,0.0,-36000000000.0,-147626620000.0,-126081121007.0,-89084354372.0,-72293727739.0,-51516000000.0,-29571000000.0
27,Tiền thu từ việc bán các khoản đầu tư vào các doanh nghiệp khác,0.0,0.0,0.0,0.0,6880000000.0,0.0,6000000000.0,2937553753.0,0.0,0.0
28,Cổ tức và tiền lãi nhận được,3952265700.0,4034223524.0,1220255140.0,346102939.0,3851196958.0,5718657709.0,20122187887.0,6242809783.0,18479040041.0,4984072705.0
29,Lưu chuyển tiền tệ từ hoạt động tài chính,57793759749.0,131337790917.0,-74342836924.0,78756814695.0,355733242246.0,72354079813.0,-485734065797.0,164425636372.0,-109677905933.0,6430271852.0
30,Tiền thu từ phát hành cổ phiếu và vốn góp,0.0,145099330000.0,0.0,0.0,0.0,0.0,0.0,0.0,0.0,3100000000.0
31,"Chi trả cho việc mua lại, trả lại cổ phiếu",0.0,0.0,0.0,0.0,0.0,0.0,0.0,0.0,0.0,0.0
32,Tiền thu được các khoản đi vay,1387355064898.0,1753574458812.0,1348057688808.0,1462881882570.0,1376053457894.0,1515716001973.0,1439138633157.0,2004061917375.0,2278136664022.0,2787211356691.0
33,Tiển trả các khoản đi vay,-1311640387789.0,-1742446452511.0,-1411126975696.0,-1384125067875.0,-1012879131628.0,-1421077618910.0,-1891254873004.0,-1820993789373.0,-2389331785255.0,-2763776656664.0
34,Tiền thanh toán vốn gốc đi thuê tài chính,-4223151960.0,-7077899457.0,0.0,0.0,0.0,0.0,0.0,0.0,0.0,0.0
35,Cổ tức đã trả,-13697765400.0,-17811645927.0,-11273550036.0,0.0,-7441084020.0,-22284303250.0,-33617825950.0,-18642491630.0,1517215300.0,-20104428175.0
37,Lưu chuyển tiền thuần trong kỳ,-282480112.0,-10141506147.0,8286658678.0,6181723075.0,5214754497.0,-5171904213.0,-22635848894.0,13189006241.0,169898121655.0,-94484240337.0
38,Tiền và tương đương tiền đầu kỳ,52701389257.0,52418909145.0,42277402998.0,50564061676.0,56745784751.0,61960539248.0,56788635035.0,34152786141.0,47248111790.0,217218744572.0
39,Ảnh hưởng của chênh lệch tỷ giá,0.0,0.0,0.0,0.0,0.0,0.0,0.0,-93680592.0,72511127.0,0.0
40,Tiền và tương đương tiền cuối kỳ,52418909145.0,42277402998.0,50564061676.0,56745784751.0,61960539248.0,56788635035.0,34152786141.0,47248111790.0,217218744572.0,122734504235.0
