,Unnamed: 0,Q3 2020,Q4 2020,Q1 2021,Q2 2021,Q3 2021,Q4 2021,Q1 2022,Q2 2022,Q3 2022,Q4 2022
0,Lưu chuyển tiền thuần từ các hoạt động sản xuất kinh doanh,12301244008.0,-33084253658.0,-9332541350.0,-8806641882.0,-7363901108.0,-3007063004.0,-13139177193.0,16355815923.0,5018154220.0,19399881835.0
1,Lãi/lỗ trước những thay đổi vốn lưu động,-2708260097.0,-8289866229.0,-6224515003.0,-11580439651.0,-12207660340.0,-5395276864.0,7186198033.0,7235590486.0,21645905123.0,23769937082.0
2,Lãi trước thuế,-25484960893.0,-8632425993.0,-19367137145.0,-24318053780.0,-25114422201.0,-18208107504.0,-5877442882.0,-5891989780.0,8558103089.0,8522280936.0
3,Khấu hao TSCĐ,10717472939.0,1842080216.0,8082120871.0,7987016521.0,7876775197.0,7858669042.0,7853056500.0,7832435187.0,7734715906.0,7543757456.0
4,Phân bổ lợi thế thương mại,0.0,0.0,0.0,0.0,0.0,0.0,0.0,0.0,0.0,0.0
5,Chi phí dự phòng,0.0,0.0,0.0,0.0,0.0,0.0,0.0,0.0,0.0,811800000.0
6,Lãi/(lỗ) chênh lệch tỷ giá chưa thực hiện,0.0,-43365702.0,0.0,0.0,0.0,-3069596.0,0.0,0.0,0.0,70930470.0
8,Lãi/(lỗ) từ hoạt động đầu tư,5163785184.0,-7390048670.0,-1359161413.0,-1412977564.0,-1318045652.0,-1390170452.0,-1218901874.0,-1227411768.0,-1163961134.0,-133853325.0
9,Chi phí lãi vay,6895442673.0,5933893920.0,6419662684.0,6163575172.0,6348032316.0,6347401646.0,6429486289.0,6522556847.0,6517047262.0,6955021545.0
11,Các khoản điều chỉnh khác,0.0,0.0,0.0,0.0,0.0,0.0,0.0,0.0,0.0,0.0
12,(Tăng)/giảm các khoản phải thu,11422458048.0,-16945350634.0,13467003397.0,633158880.0,3627820343.0,19270691697.0,-24372021786.0,1482836994.0,-34397361576.0,20810345077.0
13,(Tăng)/giảm hàng tồn kho,1526265358.0,-518927589.0,264268756.0,343256514.0,69763252.0,-2767412333.0,991357064.0,-419883894.0,-2532016474.0,-1780441199.0
14,Tăng/(giảm) các khoản phải trả,3328181116.0,6548249733.0,-16374598500.0,12031081427.0,2063156133.0,-9232801563.0,5892747323.0,12745112770.0,36634156769.0,-8830394491.0
15,( Tăng)/giảm chi phí trả trước,215727862.0,-350083775.0,575166000.0,58935000.0,-33552000.0,65287186.0,40525000.0,369381198.0,-66875001.0,-2820126678.0
16,(Tăng)/giảm chứng khoán kinh doanh,0.0,0.0,0.0,0.0,0.0,0.0,0.0,0.0,0.0,0.0
17,Chi phí lãi vay đã trả,-441258279.0,-12850819308.0,-757166000.0,-9956034092.0,-817628534.0,-4618634795.0,-2877982827.0,-5057221631.0,-15766384680.0,-11749437956.0
18,Thuế thu nhập doanh nghiệp đã trả,0.0,0.0,0.0,0.0,0.0,0.0,0.0,0.0,0.0,0.0
19,Tiền thu khác từ các hoạt động kinh doanh,0.0,0.0,0.0,0.0,0.0,0.0,0.0,0.0,0.0,0.0
20,Tiền chi khác từ các hoạt động kinh doanh,-1041870000.0,-677455856.0,-282700000.0,-336599960.0,-65799962.0,-328916332.0,0.0,0.0,-499269941.0,0.0
21,Lưu chuyển tiền tệ ròng từ hoạt động đầu tư,-27276829336.0,6473878061.0,1359161413.0,-1288888874.0,10514582389.0,20372506.0,1218901874.0,-1161338232.0,11292777572.0,30504630724.0
22,Tiền mua tài sản cố định và các tài sản dài hạn khác,-844742781.0,0.0,0.0,0.0,-354545455.0,-90000000.0,0.0,0.0,-285800000.0,0.0
23,Tiền thu được từ thanh lý tài sản cố định,0.0,0.0,0.0,0.0,0.0,0.0,0.0,0.0,0.0,0.0
24,Tiền cho vay hoặc mua công cụ nợ,-20000000000.0,0.0,0.0,0.0,0.0,-15000000000.0,0.0,-24000000000.0,0.0,0.0
25,Tiền thu từ cho vay hoặc thu từ phát hành công cụ nợ,40000000000.0,0.0,0.0,0.0,10000000000.0,15000000000.0,0.0,24000000000.0,10000000000.0,20000000000.0
26,Đầu tư vào các doanh nghiệp khác,0.0,0.0,0.0,0.0,0.0,0.0,0.0,0.0,0.0,0.0
27,Tiền thu từ việc bán các khoản đầu tư vào các doanh nghiệp khác,-40000000000.0,0.0,0.0,0.0,0.0,0.0,0.0,0.0,0.0,0.0
28,Cổ tức và tiền lãi nhận được,-6432086555.0,6473878061.0,1359161413.0,-1288888874.0,869127844.0,110372506.0,1218901874.0,-1161338232.0,1578577572.0,10504630724.0
29,Lưu chuyển tiền tệ từ hoạt động tài chính,5904279047.0,22527163685.0,15867984787.0,-6377110591.0,1997460532.0,2849218904.0,11839376636.0,22461463.0,-27287040237.0,-20922535616.0
30,Tiền thu từ phát hành cổ phiếu và vốn góp,0.0,0.0,0.0,0.0,0.0,0.0,0.0,0.0,0.0,0.0
31,"Chi trả cho việc mua lại, trả lại cổ phiếu",0.0,0.0,0.0,0.0,0.0,0.0,0.0,0.0,0.0,0.0
32,Tiền thu được các khoản đi vay,38793490328.0,29375178018.0,56984233732.0,16859246107.0,28733947396.0,36496312384.0,40772711782.0,66443493533.0,77980588836.0,72332114793.0
33,Tiển trả các khoản đi vay,-32889211281.0,-6848014333.0,-41116248945.0,-23236356698.0,-26736486864.0,-33647093480.0,-28933335146.0,-66421032070.0,-105267629073.0,-93254650409.0
34,Tiền thanh toán vốn gốc đi thuê tài chính,0.0,0.0,0.0,0.0,0.0,0.0,0.0,0.0,0.0,0.0
35,Cổ tức đã trả,0.0,0.0,0.0,0.0,0.0,0.0,0.0,0.0,0.0,0.0
37,Lưu chuyển tiền thuần trong kỳ,-9071306281.0,-4083211912.0,7894604850.0,-16472641347.0,5148141813.0,-137471594.0,-80898683.0,15216939154.0,-10976108445.0,28981976943.0
38,Tiền và tương đương tiền đầu kỳ,23376103708.0,14304797427.0,10264951217.0,18159556067.0,1686914720.0,6835056533.0,6700695150.0,6619796467.0,21836735621.0,10860627176.0
39,Ảnh hưởng của chênh lệch tỷ giá,0.0,43365702.0,0.0,0.0,0.0,3116211.0,0.0,0.0,0.0,-70930470.0
40,Tiền và tương đương tiền cuối kỳ,14304797427.0,10264951217.0,18159556067.0,1686914720.0,6835056533.0,6700701150.0,6619796467.0,21836735621.0,10860627176.0,39771673649.0
