,Unnamed: 0,2013,2014,2015,2016,2017,2018,2019,2020,2021,2022
0,Lưu chuyển tiền thuần từ các hoạt động sản xuất kinh doanh,-20569885487.0,205588043294.0,-149602412459.0,-617467689158.0,-33459333142.0,150535427722.0,21311134906.0,89532361865.0,174964628127.0,161163618274.0
1,Lãi/lỗ trước những thay đổi vốn lưu động,10554949226.0,22382412160.0,20314966614.0,39721973300.0,101208610360.0,88532632008.0,111814582567.0,219766541043.0,266751449873.0,327845053795.0
2,Lãi trước thuế,-279203157958.0,7543783351.0,7711475646.0,28970608295.0,83546324145.0,84772089483.0,117899322236.0,179746613834.0,176186901068.0,210136342654.0
3,Khấu hao TSCĐ,5079481962.0,5586677338.0,4368551168.0,4443854274.0,5160274736.0,5433817544.0,5479225526.0,28598995411.0,43114498474.0,60194296404.0
5,Chi phí dự phòng,249515670076.0,-7966043508.0,-417700203.0,5209843669.0,13285943127.0,2767925731.0,-9707928178.0,-16863986722.0,-8556028597.0,17224788075.0
6,Lãi/(lỗ) chênh lệch tỷ giá chưa thực hiện,0.0,0.0,0.0,0.0,0.0,0.0,0.0,0.0,0.0,0.0
7,Lãi/(lỗ) từ thanh lý tài sản cố định,0.0,0.0,0.0,0.0,0.0,0.0,0.0,0.0,0.0,0.0
8,Lãi/(lỗ) từ hoạt động đầu tư,-781552383.0,-4948609514.0,-3642461685.0,-3855982224.0,-1917391788.0,-10513884281.0,-6828552966.0,-2446120238.0,-1648824466.0,-5716573427.0
9,Chi phí lãi vay,35944507529.0,22166604493.0,12295101688.0,4953649286.0,1133460140.0,6072683531.0,4972515949.0,30731038758.0,57654903394.0,46006200089.0
10,Thu lãi và cổ tức,0.0,0.0,0.0,0.0,0.0,0.0,0.0,0.0,0.0,0.0
11,Các khoản điều chỉnh khác,0.0,0.0,0.0,0.0,0.0,0.0,0.0,0.0,0.0,0.0
12,(Tăng)/giảm các khoản phải thu,112265701450.0,85558474366.0,-136718661455.0,40870850959.0,-52775486433.0,75774413337.0,-81697444546.0,-66389985833.0,22761810099.0,57535017037.0
13,(Tăng)/giảm hàng tồn kho,-76192159180.0,70880102297.0,-15566375963.0,-1012044227199.0,-109107461670.0,-14242827034.0,-331642062416.0,225961714392.0,163756183646.0,23647679283.0
14,Tăng/(giảm) các khoản phải trả,6255667254.0,82935701558.0,-8196051844.0,320649541208.0,45983991310.0,122929151169.0,438726582490.0,-211564805844.0,-135149513616.0,-135847246676.0
15,( Tăng)/giảm chi phí trả trước,2999218680.0,674394057.0,-740524940.0,-1343266993.0,-14628321172.0,-4523710432.0,-434933427.0,-7864255111.0,5130833241.0,-13764829036.0
16,(Tăng)/giảm chứng khoán kinh doanh,0.0,0.0,0.0,0.0,0.0,0.0,0.0,0.0,0.0,0.0
17,Chi phí lãi vay đã trả,-56191845527.0,-33757126761.0,-9656968447.0,-5322121524.0,-1275793487.0,-111390316928.0,-105029630803.0,-53799243342.0,-104853401276.0,-65327962357.0
18,Thuế thu nhập doanh nghiệp đã trả,-19487743609.0,-22749364220.0,0.0,-438909.0,-2864872050.0,-6543914398.0,-8646508959.0,-14806321840.0,-41270114340.0,-32072393772.0
19,Tiền thu khác từ các hoạt động kinh doanh,0.0,0.0,2594706000.0,0.0,0.0,0.0,0.0,0.0,0.0,0.0
20,Tiền chi khác từ các hoạt động kinh doanh,-773673781.0,-336550163.0,-1633502424.0,0.0,0.0,0.0,-1779450000.0,-1771281600.0,-2162619500.0,-851700000.0
21,Lưu chuyển tiền tệ ròng từ hoạt động đầu tư,32513783385.0,8562109247.0,8770858013.0,6470582321.0,16157314971.0,97294396784.0,-24223207931.0,-65202706528.0,-53079477012.0,-77755894057.0
22,Tiền mua tài sản cố định và các tài sản dài hạn khác,0.0,-572924303.0,0.0,-3774227272.0,-5398100000.0,-177000000.0,-4294804475.0,-70879921439.0,-67404085309.0,-112791436687.0
23,Tiền thu được từ thanh lý tài sản cố định,954545454.0,0.0,7834985115.0,3842500000.0,0.0,0.0,0.0,0.0,0.0,0.0
24,Tiền cho vay hoặc mua công cụ nợ,0.0,0.0,0.0,0.0,0.0,0.0,-49400000000.0,0.0,-500000000.0,-500000000.0
25,Tiền thu từ cho vay hoặc thu từ phát hành công cụ nợ,0.0,0.0,0.0,0.0,0.0,0.0,0.0,2500000000.0,13000000000.0,33400000000.0
26,Đầu tư vào các doanh nghiệp khác,0.0,0.0,0.0,0.0,-44719129593.0,-1775346768.0,-69179868861.0,0.0,0.0,0.0
27,Tiền thu từ việc bán các khoản đầu tư vào các doanh nghiệp khác,29835000000.0,7832000000.0,0.0,5000000000.0,64387570000.0,96581355000.0,95849143238.0,188820000.0,0.0,0.0
28,Cổ tức và tiền lãi nhận được,1724237931.0,1303033550.0,935872898.0,1402309593.0,1886974564.0,2665388552.0,2802322167.0,2988394911.0,1824608297.0,2135542630.0
29,Lưu chuyển tiền tệ từ hoạt động tài chính,-21365140402.0,-207522910472.0,140165450009.0,653290501506.0,11713244888.0,-215172610939.0,-24368420582.0,-32233606557.0,-99514694926.0,-37745706155.0
30,Tiền thu từ phát hành cổ phiếu và vốn góp,0.0,0.0,0.0,0.0,0.0,0.0,50000000000.0,0.0,0.0,0.0
31,"Chi trả cho việc mua lại, trả lại cổ phiếu",0.0,0.0,0.0,0.0,0.0,0.0,0.0,0.0,0.0,0.0
32,Tiền thu được các khoản đi vay,93992945471.0,50379244917.0,276449149670.0,820498469850.0,443170536261.0,470494553670.0,643365042509.0,386201916881.0,321938068863.0,563047672405.0
33,Tiển trả các khoản đi vay,-115356496773.0,-257902155389.0,-136283699661.0,-167207968344.0,-431457291373.0,-661730677590.0,-647240186144.0,-384232962788.0,-421373099444.0,-600780569365.0
34,Tiền thanh toán vốn gốc đi thuê tài chính,0.0,0.0,0.0,0.0,0.0,0.0,0.0,0.0,0.0,0.0
35,Cổ tức đã trả,-1589100.0,0.0,0.0,0.0,0.0,-23936487019.0,-70493276947.0,-34202560650.0,-79664345.0,-12809195.0
36,Tiền lãi đã nhận,0.0,0.0,0.0,0.0,0.0,0.0,0.0,0.0,0.0,0.0
37,Lưu chuyển tiền thuần trong kỳ,-9421242504.0,6627242069.0,-666104437.0,42293394669.0,-5588773283.0,32657213567.0,-27280493607.0,-7903951220.0,22370456189.0,45662018062.0
38,Tiền và tương đương tiền đầu kỳ,12021714472.0,2600471968.0,9227714037.0,8561609600.0,50855004269.0,45266230986.0,77923444553.0,50642950946.0,42738999726.0,65109455915.0
39,Ảnh hưởng của chênh lệch tỷ giá,0.0,0.0,0.0,0.0,0.0,0.0,0.0,0.0,0.0,0.0
40,Tiền và tương đương tiền cuối kỳ,2600471968.0,9227714037.0,8561609600.0,50855004269.0,45266230986.0,77923444553.0,50642950946.0,42738999726.0,65109455915.0,110771473977.0
