,Unnamed: 0,2013,2014,2015,2016,2017,2018,2019,2020,2021,2022
0,Lưu chuyển tiền thuần từ các hoạt động sản xuất kinh doanh,55252322041.0,42918306963.0,30330526156.0,-175951115010.0,11185981129.0,240295644853.0,54687532261.0,3536301503.0,-7193490773.0,123092999393.0
1,Lãi/lỗ trước những thay đổi vốn lưu động,0.0,-59500141497.0,-32922674620.0,5676177185.0,2745019728.0,-62950327016.0,3804809709.0,-171105563106.0,20098906970.0,26034231984.0
2,Lãi trước thuế,0.0,-61894601713.0,-37855109287.0,1468147562.0,649366405.0,6027879120.0,1208542024.0,-174896569573.0,16552136016.0,-733301902.0
3,Khấu hao TSCĐ,2016912573.0,1939326117.0,1993732987.0,1966034940.0,1364385391.0,4818777462.0,1782943738.0,3001666653.0,3050826988.0,929729056.0
5,Chi phí dự phòng,0.0,0.0,2511473689.0,2011473689.0,0.0,3949727694.0,0.0,0.0,0.0,0.0
6,Lãi/(lỗ) chênh lệch tỷ giá chưa thực hiện,0.0,0.0,0.0,0.0,0.0,0.0,0.0,0.0,0.0,0.0
8,Lãi/(lỗ) từ hoạt động đầu tư,0.0,140648444.0,200982421.0,-166970148.0,4687253.0,-82228416227.0,-3812632.0,-632527.0,-223507402.0,13294190678.0
9,Chi phí lãi vay,0.0,314485655.0,226245570.0,397491142.0,726580679.0,4481704935.0,817136579.0,789972341.0,719451368.0,12543614152.0
11,Các khoản điều chỉnh khác,0.0,0.0,0.0,0.0,0.0,0.0,0.0,0.0,0.0,0.0
12,(Tăng)/giảm các khoản phải thu,0.0,9763050109.0,-7329790188.0,-160364216975.0,-51130538306.0,110564248058.0,8678471919.0,12904486708.0,-13225902007.0,92341236257.0
13,(Tăng)/giảm hàng tồn kho,0.0,72223667109.0,-7161674847.0,-13333096178.0,9901297378.0,-29775796834.0,-54946512427.0,193596276935.0,-11955170324.0,25308382770.0
14,Tăng/(giảm) các khoản phải trả,0.0,22328871374.0,69914377156.0,-7086904676.0,52313474830.0,223799401548.0,105474424624.0,-31589615328.0,-1525611246.0,-15192574471.0
15,( Tăng)/giảm chi phí trả trước,0.0,-1432516445.0,8423518612.0,-758871298.0,-151691822.0,533707961.0,0.0,0.0,0.0,203012601.0
16,(Tăng)/giảm chứng khoán kinh doanh,0.0,0.0,0.0,0.0,0.0,0.0,0.0,0.0,0.0,0.0
17,Chi phí lãi vay đã trả,0.0,-389917967.0,-93229957.0,-84203068.0,-726580679.0,-181133667.0,3483434689.0,-269283706.0,-279005761.0,-13284179.0
18,Thuế thu nhập doanh nghiệp đã trả,0.0,-74705720.0,-500000000.0,0.0,-1765000000.0,-1694455197.0,-7561655627.0,0.0,-121708405.0,-4565294192.0
19,Tiền thu khác từ các hoạt động kinh doanh,0.0,0.0,0.0,0.0,0.0,0.0,0.0,0.0,0.0,0.0
20,Tiền chi khác từ các hoạt động kinh doanh,0.0,0.0,0.0,0.0,0.0,0.0,-4245440626.0,0.0,-185000000.0,-1022711377.0
21,Lưu chuyển tiền tệ ròng từ hoạt động đầu tư,276597975.0,-516148444.0,-919655623.0,-10708601162.0,-21540915893.0,-269271583773.0,-55267114641.0,632527.0,134799.0,-117239933175.0
22,Tiền mua tài sản cố định và các tài sản dài hạn khác,-13627273.0,-445500000.0,-868673202.0,-14375571310.0,-3360552855.0,0.0,-1270927273.0,0.0,0.0,0.0
23,Tiền thu được từ thanh lý tài sản cố định,49681009.0,70000000.0,0.0,0.0,5842132215.0,0.0,0.0,0.0,0.0,0.0
24,Tiền cho vay hoặc mua công cụ nợ,0.0,0.0,0.0,0.0,0.0,-219500000000.0,0.0,0.0,0.0,-128000000000.0
25,Tiền thu từ cho vay hoặc thu từ phát hành công cụ nợ,0.0,0.0,0.0,0.0,0.0,0.0,0.0,0.0,0.0,0.0
26,Đầu tư vào các doanh nghiệp khác,0.0,0.0,0.0,0.0,-24017808000.0,-54000000000.0,-54000000000.0,0.0,0.0,0.0
27,Tiền thu từ việc bán các khoản đầu tư vào các doanh nghiệp khác,0.0,0.0,150000000.0,3500000000.0,0.0,0.0,0.0,0.0,0.0,0.0
28,Cổ tức và tiền lãi nhận được,240544239.0,-140648444.0,-200982421.0,166970148.0,-4687253.0,4228416227.0,3812632.0,632527.0,134799.0,10760066825.0
29,Lưu chuyển tiền tệ từ hoạt động tài chính,-52061612636.0,-42132909415.0,-31466069842.0,181650214806.0,9520360911.0,30735564582.0,199300008.0,-3651851996.0,5731300462.0,-5789385717.0
30,Tiền thu từ phát hành cổ phiếu và vốn góp,0.0,0.0,0.0,181000000000.0,0.0,0.0,0.0,0.0,0.0,0.0
31,"Chi trả cho việc mua lại, trả lại cổ phiếu",0.0,0.0,0.0,0.0,0.0,0.0,0.0,0.0,0.0,0.0
32,Tiền thu được các khoản đi vay,40903787720.0,14797065481.0,48165612119.0,12802395170.0,18773070000.0,42399958786.0,7970608000.0,0.0,23064437625.0,110140078000.0
33,Tiển trả các khoản đi vay,-92965400356.0,-56929974896.0,-79631681961.0,-12152180364.0,-9252709089.0,-11664394204.0,-7771307992.0,-3651851996.0,-17333137163.0,-115929463717.0
34,Tiền thanh toán vốn gốc đi thuê tài chính,0.0,0.0,0.0,0.0,0.0,0.0,0.0,0.0,0.0,0.0
35,Cổ tức đã trả,0.0,0.0,0.0,0.0,0.0,0.0,0.0,0.0,0.0,0.0
37,Lưu chuyển tiền thuần trong kỳ,3467307380.0,269249104.0,-2055199309.0,-5009501366.0,-834573853.0,1759625662.0,-380282372.0,-114917966.0,-1462055512.0,63680501.0
38,Tiền và tương đương tiền đầu kỳ,5276601281.0,8743908661.0,9013157765.0,6957958456.0,1948457090.0,1113883237.0,2873508899.0,2493226527.0,2378308561.0,916253049.0
39,Ảnh hưởng của chênh lệch tỷ giá,0.0,0.0,0.0,0.0,0.0,0.0,0.0,0.0,0.0,0.0
40,Tiền và tương đương tiền cuối kỳ,8743908661.0,9013157765.0,6957958456.0,1948457090.0,1113883237.0,2873508899.0,2493226527.0,2378308561.0,916253049.0,979933550.0
