,Unnamed: 0,2013,2014,2015,2016,2017,2018,2019,2020,2021,2022
0,Lưu chuyển tiền thuần từ các hoạt động sản xuất kinh doanh,7752905217.0,1418714793.0,290115259739.0,8173831205.0,831164922057.0,-1878216821809.0,1003807390632.0,-251566004931.0,699793376370.0,-1646930964177.0
1,Lãi/lỗ trước những thay đổi vốn lưu động,0.0,0.0,0.0,95860548676.0,91513983103.0,30302355146.0,136144245164.0,132734092454.0,140494462564.0,84699575268.0
2,Lãi trước thuế,0.0,0.0,0.0,147375958056.0,156691664653.0,56059440718.0,103678257018.0,88257453208.0,58505704319.0,19417293177.0
3,Khấu hao TSCĐ,0.0,0.0,0.0,102272724.0,793119030.0,17402878572.0,2849552644.0,12071225588.0,30097389385.0,2272389324.0
5,Chi phí dự phòng,0.0,0.0,0.0,6798516351.0,16832136124.0,558652605.0,34609715466.0,64634025.0,65241026.0,4441200.0
6,Lãi/(lỗ) chênh lệch tỷ giá chưa thực hiện,0.0,0.0,0.0,-38950168.0,0.0,0.0,0.0,0.0,-1848126.0,370898700.0
8,Lãi/(lỗ) từ hoạt động đầu tư,0.0,0.0,0.0,-58699122181.0,-83663094439.0,-122506488888.0,-137342745998.0,-65008832067.0,-63314580194.0,-62358241403.0
9,Chi phí lãi vay,0.0,0.0,0.0,321873894.0,860157735.0,78787872139.0,132349466034.0,97349611700.0,115142556154.0,124992794270.0
11,Các khoản điều chỉnh khác,0.0,0.0,0.0,0.0,0.0,0.0,0.0,0.0,0.0,0.0
12,(Tăng)/giảm các khoản phải thu,0.0,0.0,0.0,-140691356870.0,347970345888.0,-1413219906882.0,936929404131.0,1364924927173.0,438430970292.0,-1797318296529.0
13,(Tăng)/giảm hàng tồn kho,0.0,0.0,0.0,-867747252.0,-4889111069.0,11276870827.0,-499519391376.0,-147350602577.0,311588282528.0,-506399937416.0
14,Tăng/(giảm) các khoản phải trả,0.0,0.0,0.0,59976048695.0,432211496935.0,-381331906255.0,588105027376.0,-1484277311737.0,-51497638802.0,721004055631.0
15,( Tăng)/giảm chi phí trả trước,0.0,0.0,0.0,-15402101.0,86281791.0,36644984.0,-97700068.0,-4162766319.0,-14705543881.0,1503950273.0
16,(Tăng)/giảm chứng khoán kinh doanh,0.0,0.0,0.0,0.0,0.0,0.0,0.0,0.0,0.0,0.0
17,Chi phí lãi vay đã trả,0.0,0.0,0.0,0.0,-10130060335.0,-80532306266.0,-135814271186.0,-90056536214.0,-109619484511.0,-128545473232.0
18,Thuế thu nhập doanh nghiệp đã trả,0.0,0.0,0.0,-6038232661.0,-25316127204.0,-43332895674.0,-20643387970.0,-22810904911.0,-14520560420.0,-21341073070.0
19,Tiền thu khác từ các hoạt động kinh doanh,0.0,0.0,0.0,0.0,0.0,0.0,0.0,0.0,0.0,0.0
20,Tiền chi khác từ các hoạt động kinh doanh,0.0,0.0,0.0,-50027282.0,-281887052.0,-1415677689.0,-1296535439.0,-566902800.0,-377111400.0,-533765102.0
21,Lưu chuyển tiền tệ ròng từ hoạt động đầu tư,8099773905.0,2453012947.0,-262248302165.0,54253349182.0,-846607627510.0,1529522323033.0,-438780246099.0,-143901291483.0,-263700157304.0,12322889801.0
22,Tiền mua tài sản cố định và các tài sản dài hạn khác,0.0,0.0,0.0,0.0,-2487426582.0,-2910492006.0,-1303973918.0,-813007391.0,-46560696032.0,-997927762.0
23,Tiền thu được từ thanh lý tài sản cố định,1150000000.0,0.0,0.0,0.0,0.0,369431364.0,120000000.0,115671009710.0,57992364.0,0.0
24,Tiền cho vay hoặc mua công cụ nợ,0.0,0.0,0.0,0.0,-503529941000.0,-50224759760.0,-470935747840.0,-456084614967.0,-762000000000.0,-644249369863.0
25,Tiền thu từ cho vay hoặc thu từ phát hành công cụ nợ,0.0,381137108.0,2294157523.0,3145594924.0,24750000000.0,924434700760.0,766165764997.0,535349918559.0,111914649607.0,840660272308.0
26,Đầu tư vào các doanh nghiệp khác,-3219690000.0,0.0,-281749475000.0,36847730.0,-431612085424.0,-261480000000.0,-821800000000.0,-315349097782.0,0.0,-509984000000.0
27,Tiền thu từ việc bán các khoản đầu tư vào các doanh nghiệp khác,10056108800.0,2068654000.0,17123994402.0,52160000000.0,46423600000.0,764708792819.0,0.0,-18482932133.0,389152485070.0,301254000000.0
28,Cổ tức và tiền lãi nhận được,113355105.0,3221839.0,83020910.0,-1089093472.0,19848225496.0,154624649856.0,88973710662.0,-4192567479.0,43735411687.0,25639915118.0
29,Lưu chuyển tiền tệ từ hoạt động tài chính,-14377658200.0,-6081765926.0,-23031075494.0,-64458464103.0,32126000000.0,364179570629.0,-552261279614.0,484395611334.0,-197971722800.0,1321922426948.0
30,Tiền thu từ phát hành cổ phiếu và vốn góp,0.0,0.0,0.0,0.0,0.0,0.0,0.0,0.0,0.0,0.0
31,"Chi trả cho việc mua lại, trả lại cổ phiếu",0.0,0.0,0.0,0.0,0.0,0.0,0.0,0.0,0.0,0.0
32,Tiền thu được các khoản đi vay,7929564480.0,1086859140.0,6265033200.0,0.0,73126000000.0,2585163162000.0,3893970142076.0,4495577109382.0,4438503561587.0,6032096590096.0
33,Tiển trả các khoản đi vay,-22307222680.0,-7168625066.0,-29296108694.0,-64458464103.0,-41000000000.0,-2220558341346.0,-4445684671658.0,-4010897963027.0,-4636070484387.0,-4709769363148.0
34,Tiền thanh toán vốn gốc đi thuê tài chính,0.0,0.0,0.0,0.0,0.0,0.0,0.0,0.0,0.0,0.0
35,Cổ tức đã trả,0.0,0.0,0.0,0.0,0.0,-425250025.0,-546750032.0,-283535021.0,-404800000.0,-404800000.0
37,Lưu chuyển tiền thuần trong kỳ,1475020922.0,-2210038186.0,4835882080.0,-2031283716.0,16683294547.0,15485071853.0,12765864919.0,88928314920.0,238121496266.0,-312685647428.0
38,Tiền và tương đương tiền đầu kỳ,892129571.0,2367150493.0,157112307.0,4992994387.0,3000660839.0,19683955386.0,35169027239.0,47934892158.0,136863207078.0,374986551470.0
39,Ảnh hưởng của chênh lệch tỷ giá,0.0,0.0,0.0,38950168.0,0.0,0.0,0.0,0.0,1848126.0,-72866475.0
40,Tiền và tương đương tiền cuối kỳ,2367150493.0,157112307.0,4992994387.0,3000660839.0,19683955386.0,35169027239.0,47934892158.0,136863207078.0,374986551470.0,62228037567.0
