,Unnamed: 0,2013,2014,2015,2016,2017,2018,2019,2020,2021,2022
0,Lưu chuyển tiền thuần từ các hoạt động sản xuất kinh doanh,-129582381290.0,309077893897.0,112101331297.0,-467259387940.0,-1054109808716.0,-931754183294.0,-1645772139192.0,-780231132409.0,1224963030769.0,-3873243356661.0
1,Lãi/lỗ trước những thay đổi vốn lưu động,68550621616.0,138271247127.0,400706764796.0,680466383403.0,1241470709043.0,1869115900970.0,2436497221776.0,963534579237.0,3052440091249.0,1202214978341.0
2,Lãi trước thuế,120486043871.0,266369025689.0,540389738374.0,821238141703.0,1335320095636.0,2101784492058.0,2388513759975.0,26890280785.0,2516019318315.0,743441077148.0
3,Khấu hao TSCĐ,3539521015.0,3289443663.0,3618005518.0,8208681153.0,15340615103.0,24427015127.0,38992516975.0,56505292505.0,69449408603.0,86732516781.0
5,Chi phí dự phòng,1447505993.0,4267825316.0,5858460077.0,1287585473.0,17306665819.0,14512822148.0,-2919042176.0,82759554054.0,269676905765.0,303537732816.0
6,Lãi/(lỗ) chênh lệch tỷ giá chưa thực hiện,0.0,0.0,0.0,0.0,0.0,0.0,0.0,0.0,0.0,0.0
8,Lãi/(lỗ) từ hoạt động đầu tư,-57265278244.0,-135734338242.0,-154069402604.0,-182228550585.0,-188710596526.0,-462362952283.0,-197121042463.0,467009704630.0,-332000432471.0,-417631839923.0
9,Chi phí lãi vay,342828981.0,79290701.0,4909963431.0,31960525659.0,62213929011.0,190754523920.0,209031029465.0,330369747263.0,529294891037.0,486135491519.0
11,Các khoản điều chỉnh khác,0.0,0.0,0.0,0.0,0.0,0.0,0.0,0.0,0.0,0.0
12,(Tăng)/giảm các khoản phải thu,-414101423366.0,-470288454145.0,-403028507191.0,-870559940320.0,-1476378127481.0,-2001325583053.0,-2354916092232.0,1130516555393.0,-3425839756752.0,-2328133189175.0
13,(Tăng)/giảm hàng tồn kho,-298229971802.0,-56775371811.0,-310328680711.0,72942494067.0,-1967825440684.0,-1263972207881.0,-2038417677731.0,-3223169530342.0,511478676333.0,-3203020191368.0
14,Tăng/(giảm) các khoản phải trả,610408092208.0,992002050807.0,624616383740.0,-159025475023.0,1592151205715.0,1336300188260.0,1266217922268.0,1609954602915.0,1257541086892.0,1877214289302.0
15,( Tăng)/giảm chi phí trả trước,-24110261878.0,8665899116.0,-62199204445.0,-14861846137.0,-90583731491.0,-9181690966.0,-683834373551.0,-484027138433.0,800436216245.0,-304631553637.0
16,(Tăng)/giảm chứng khoán kinh doanh,0.0,0.0,0.0,0.0,0.0,-300767700000.0,330019350000.0,0.0,0.0,0.0
17,Chi phí lãi vay đã trả,-298449513.0,-9395299350.0,-29749986510.0,-41291589385.0,-141197321044.0,-195872458354.0,-193411384271.0,-292157208324.0,-429813854743.0,-571214391085.0
18,Thuế thu nhập doanh nghiệp đã trả,-11978069810.0,-54661549400.0,-86840717469.0,-86275259950.0,-165199785232.0,-260950055077.0,-337164635388.0,-419403779590.0,-442249580846.0,-485103268133.0
19,Tiền thu khác từ các hoạt động kinh doanh,75159723026.0,110995202647.0,48897170.0,2596048872.0,0.0,0.0,0.0,0.0,0.0,0.0
20,Tiền chi khác từ các hoạt động kinh doanh,-134982641771.0,-349735831094.0,-21123618083.0,-51250203467.0,-46547317542.0,-105100577193.0,-70762470063.0,-65479213265.0,-99029847609.0,-60570030906.0
21,Lưu chuyển tiền tệ ròng từ hoạt động đầu tư,-118775296134.0,124096031239.0,-315000419735.0,-39648187038.0,-1046798951146.0,-121543973.0,-1412930000695.0,-334092095044.0,9899563354.0,234889536530.0
22,Tiền mua tài sản cố định và các tài sản dài hạn khác,-2483859765.0,-3083306879.0,-20592663272.0,-27322934602.0,-92930450053.0,-136585529548.0,-228316126199.0,-89134609232.0,-38035398137.0,-148250141921.0
23,Tiền thu được từ thanh lý tài sản cố định,668972770.0,1500000000.0,404545455.0,1446893543.0,1234456170.0,1801231282.0,404545455.0,1792215188.0,3096976654.0,7690984865.0
24,Tiền cho vay hoặc mua công cụ nợ,0.0,0.0,-5000000000.0,0.0,-398323309085.0,-42167106020.0,-941843300300.0,-785507694528.0,-2758927272116.0,-895469997514.0
25,Tiền thu từ cho vay hoặc thu từ phát hành công cụ nợ,0.0,0.0,18600000000.0,2000000000.0,18238874721.0,239654400000.0,0.0,1058229216427.0,2559124597209.0,725355605541.0
26,Đầu tư vào các doanh nghiệp khác,-248612819209.0,-11550728800.0,-343293341821.0,-303170633522.0,-652809689371.0,-382297910551.0,-681408463538.0,-1581329016253.0,-2366721135422.0,-219437433110.0
27,Tiền thu từ việc bán các khoản đầu tư vào các doanh nghiệp khác,82966747000.0,113748884229.0,2324230000.0,261133430748.0,0.0,267012362757.0,407270425000.0,980180797500.0,2488673650791.0,697520170815.0
28,Cổ tức và tiền lãi nhận được,48685663070.0,23481182689.0,32556809903.0,26265056795.0,77791166472.0,52461008107.0,30962918887.0,81676995854.0,122688144375.0,67480347854.0
29,Lưu chuyển tiền tệ từ hoạt động tài chính,185191313470.0,270278771376.0,336083175411.0,1415601391049.0,1970129178625.0,403009727370.0,2693423431046.0,2100661552230.0,-276816723009.0,1819655850789.0
30,Tiền thu từ phát hành cổ phiếu và vốn góp,113542047952.0,235663190000.0,49440000000.0,1217191019130.0,403163000000.0,541575637000.0,1636225952000.0,1012894545475.0,1482270245377.0,416420747252.0
31,"Chi trả cho việc mua lại, trả lại cổ phiếu",0.0,0.0,0.0,0.0,0.0,0.0,0.0,-4410000000.0,0.0,0.0
32,Tiền thu được các khoản đi vay,126404806550.0,75715413376.0,377653242952.0,738753924445.0,2800782740645.0,2789276887627.0,3876280851713.0,4921217080746.0,3273952657455.0,7322976066654.0
33,Tiển trả các khoản đi vay,-52668141032.0,-25320000000.0,-59148747541.0,-493305405251.0,-934198469204.0,-2451889813557.0,-2339661522607.0,-3398085457729.0,-4733454726036.0,-5582160671357.0
34,Tiền thanh toán vốn gốc đi thuê tài chính,0.0,0.0,0.0,0.0,0.0,0.0,0.0,0.0,0.0,0.0
35,Cổ tức đã trả,-2087400000.0,-15779832000.0,-31861320000.0,-47038147275.0,-299618092816.0,-475952983700.0,-479421850060.0,-430954616262.0,-299584899805.0,-337580291760.0
37,Lưu chuyển tiền thuần trong kỳ,-63166363954.0,703452696512.0,133184086973.0,908693816071.0,-130779581237.0,-528865999897.0,-365278708841.0,986338324777.0,958045871114.0,-1818697969342.0
38,Tiền và tương đương tiền đầu kỳ,136052654099.0,72886290145.0,776338986657.0,909523073630.0,1818216889701.0,1687437308464.0,1158571308567.0,793292599726.0,1779630924503.0,2737676795617.0
39,Ảnh hưởng của chênh lệch tỷ giá,0.0,0.0,0.0,0.0,0.0,0.0,0.0,0.0,0.0,0.0
40,Tiền và tương đương tiền cuối kỳ,72886290145.0,776338986657.0,909523073630.0,1818216889701.0,1687437308464.0,1158571308567.0,793292599726.0,1779630924503.0,2737676795617.0,918978826275.0
