,Unnamed: 0,Q3 2020,Q4 2020,Q1 2021,Q2 2021,Q3 2021,Q4 2021,Q1 2022,Q2 2022,Q3 2022,Q4 2022
0,Lưu chuyển tiền thuần từ các hoạt động sản xuất kinh doanh,1108491814965.0,71217272951.0,-516474993520.0,483334907448.0,512494848203.0,764677525831.0,-630607545486.0,-1257826539908.0,-1887410028431.0,-97399242836.0
1,Lãi/lỗ trước những thay đổi vốn lưu động,390908279189.0,191080398733.0,1041657898297.0,1120378682366.0,369881626347.0,524332847218.0,639915264680.0,281198800754.0,231130283462.0,49970629445.0
2,Lãi trước thuế,305339741775.0,66730414578.0,924550661110.0,979277423673.0,251360407224.0,360830826297.0,535817294866.0,316028955706.0,315986275376.0,-424391448800.0
3,Khấu hao TSCĐ,12682191049.0,19570518018.0,17462519963.0,18433583040.0,20349066414.0,22522513635.0,22266481559.0,21004274909.0,22215171081.0,21246589232.0
4,Phân bổ lợi thế thương mại,0.0,0.0,0.0,0.0,0.0,0.0,0.0,0.0,0.0,0.0
5,Chi phí dự phòng,-524142293284.0,33141504445.0,-6848974623.0,11509612828.0,-391329534.0,267905636293.0,738415998.0,27145152546.0,-372707300.0,276026871572.0
6,Lãi/(lỗ) chênh lệch tỷ giá chưa thực hiện,0.0,0.0,0.0,0.0,0.0,0.0,0.0,0.0,0.0,0.0
8,Lãi/(lỗ) từ hoạt động đầu tư,502399138937.0,-12934257749.0,-9623194865.0,-33865709087.0,-41154907307.0,-259682526547.0,-22198048640.0,-197140159164.0,-211882487277.0,13588855158.0
9,Chi phí lãi vay,94629500712.0,84572219441.0,116116886712.0,145023771912.0,139718389550.0,132756397540.0,103291120897.0,114160576757.0,105184031582.0,163499762283.0
11,Các khoản điều chỉnh khác,0.0,0.0,0.0,0.0,0.0,0.0,0.0,0.0,0.0,0.0
12,(Tăng)/giảm các khoản phải thu,977299081557.0,-558943061158.0,-1759692366781.0,81709536213.0,85222510531.0,-1229734162661.0,-1043522062191.0,-214629789640.0,-1050825664456.0,-19155672888.0
13,(Tăng)/giảm hàng tồn kho,-328000850477.0,-857785556346.0,103014939826.0,509119642477.0,133355664972.0,-876379530080.0,-172192169065.0,-1174310337333.0,-1523500440073.0,-333017244897.0
14,Tăng/(giảm) các khoản phải trả,484482122927.0,1538859684201.0,339055555538.0,-1581171033587.0,25759995659.0,2593724988467.0,224645980942.0,211306264253.0,855460869429.0,585801174678.0
15,( Tăng)/giảm chi phí trả trước,-61627397612.0,-151083905987.0,-42107943687.0,718047970662.0,94642459267.0,31523534159.0,-32219338521.0,-74009621662.0,-63670062901.0,-134732530553.0
16,(Tăng)/giảm chứng khoán kinh doanh,0.0,0.0,0.0,0.0,0.0,0.0,0.0,0.0,0.0,0.0
17,Chi phí lãi vay đã trả,-195850208969.0,58591581862.0,-60435911277.0,-131351202377.0,-101008439900.0,-225621720999.0,-133252823268.0,-110188543163.0,-139187754964.0,-188585269690.0
18,Thuế thu nhập doanh nghiệp đã trả,-157250622528.0,-140743104388.0,-113088101480.0,-201337100362.0,-71949585104.0,-55874793900.0,-85482288934.0,-176690121232.0,-180194073325.0,-42736784642.0
19,Tiền thu khác từ các hoạt động kinh doanh,0.0,0.0,0.0,0.0,0.0,0.0,0.0,0.0,0.0,0.0
20,Tiền chi khác từ các hoạt động kinh doanh,-1468589122.0,-8758763966.0,-24879063956.0,-32061587944.0,-23409383569.0,2706363627.0,-28500109129.0,-503191885.0,-16623185603.0,-14943544289.0
21,Lưu chuyển tiền tệ ròng từ hoạt động đầu tư,-1410566861590.0,42635818735.0,-114429813250.0,776041544446.0,-495461350454.0,-126706309291.0,-187581638261.0,80901957710.0,452295335502.0,-110726118421.0
22,Tiền mua tài sản cố định và các tài sản dài hạn khác,-2928808358.0,-55697096107.0,-9904239419.0,-43637410238.0,-30951128193.0,21934060106.0,-34266566140.0,-48337807043.0,-24985117457.0,-40660651281.0
23,Tiền thu được từ thanh lý tài sản cố định,-2327272.0,1290816708.0,1311611842.0,-4199498814.0,21039468660.0,5168136681.0,0.0,3659398096.0,2083514443.0,1948072326.0
24,Tiền cho vay hoặc mua công cụ nợ,-589936436041.0,-19356780544.0,-394592823532.0,-610620492918.0,-723990539963.0,-308819437904.0,-267814730572.0,-414546703439.0,-158853970703.0,-54254592800.0
25,Tiền thu từ cho vay hoặc thu từ phát hành công cụ nợ,107569393031.0,48801616970.0,271955892000.0,-147630048044.0,724194470184.0,989700305270.0,245051747226.0,225958856000.0,243511695622.0,10833306693.0
26,Đầu tư vào các doanh nghiệp khác,-1483116448285.0,61677432032.0,0.0,-614257622549.0,-486828731580.0,-1226977489111.0,-146994000000.0,0.0,-400000000.0,-72043433110.0
27,Tiền thu từ việc bán các khoản đầu tư vào các doanh nghiệp khác,543913471779.0,-98749690.0,0.0,2168975154780.0,-28657839915.0,343544129733.0,0.0,293022468732.0,375686492092.0,28811209991.0
28,Cổ tức và tiền lãi nhận được,13934293556.0,6018579366.0,16799745859.0,27411462229.0,29732950353.0,48743985934.0,16441911225.0,21145745364.0,15252721505.0,14639969760.0
29,Lưu chuyển tiền tệ từ hoạt động tài chính,666344445797.0,35171603116.0,1188496287701.0,968260256893.0,-450801512158.0,-2031385520735.0,881685753.0,1741396099209.0,27293946508.0,50084119319.0
30,Tiền thu từ phát hành cổ phiếu và vốn góp,571012172681.0,84108686000.0,14211900000.0,1340984801418.0,59093165131.0,42866193351.0,91027650000.0,41615750000.0,150958257999.0,132819089253.0
31,"Chi trả cho việc mua lại, trả lại cổ phiếu",0.0,0.0,0.0,0.0,0.0,0.0,0.0,0.0,0.0,0.0
32,Tiền thu được các khoản đi vay,887337122766.0,297279107539.0,1684495334771.0,611471625078.0,186213091906.0,791772605701.0,635130257518.0,3029917946595.0,1045560325823.0,2612367536718.0
33,Tiển trả các khoản đi vay,-771005112288.0,-344679484349.0,-494093805535.0,-755794351663.0,-644208790030.0,-2865958506082.0,-722174569143.0,-1293395111694.0,-1017427083868.0,-2549163906652.0
34,Tiền thanh toán vốn gốc đi thuê tài chính,0.0,0.0,0.0,0.0,0.0,0.0,0.0,0.0,0.0,0.0
35,Cổ tức đã trả,-20999737362.0,-1536706074.0,-16117141535.0,-228401817940.0,-51898979165.0,-65813705.0,-3101652622.0,-36742485692.0,-151797553446.0,-145938600000.0
37,Lưu chuyển tiền thuần trong kỳ,364269399172.0,149024694802.0,557591480931.0,2227636708787.0,-433768014409.0,-1393414304195.0,-817307497994.0,564471517011.0,-1407820746421.0,-158041241938.0
38,Tiền và tương đương tiền đầu kỳ,1266336830529.0,1630606229701.0,1779630924503.0,2337222405434.0,4564859114221.0,4131091099812.0,2737676795617.0,1920369297623.0,2484840814634.0,1077020068213.0
39,Ảnh hưởng của chênh lệch tỷ giá,0.0,0.0,0.0,0.0,0.0,0.0,0.0,0.0,0.0,0.0
40,Tiền và tương đương tiền cuối kỳ,1630606229701.0,1779630924503.0,2337222405434.0,4564859114221.0,4131091099812.0,2737676795617.0,1920369297623.0,2484840814634.0,1077020068213.0,918978826275.0
