,Unnamed: 0,Q3 2020,Q4 2020,Q1 2021,Q2 2021,Q3 2021,Q4 2021,Q1 2022,Q2 2022,Q3 2022,Q4 2022
0,Lưu chuyển tiền thuần từ các hoạt động sản xuất kinh doanh,639292886.0,696056637.0,-1159134620942.0,568625806749.0,45290660600.0,-99270986035.0,-26492675357.0,48781670045.0,-20212261698.0,397565851245.0
1,Lãi/lỗ trước những thay đổi vốn lưu động,0.0,0.0,55773797414.0,-59871962408.0,451382007.0,16232227750.0,3123766507.0,15092023919.0,8352541020.0,2756854824.0
2,Lãi trước thuế,0.0,0.0,56012172994.0,-3839549306.0,693080226.0,4901335733.0,1623797451.0,2818238255.0,2264195075.0,6216397659.0
3,Khấu hao TSCĐ,0.0,0.0,214068696.0,-55728517728.0,203120971.0,203120970.0,201870969.0,300182325.0,337263255.0,209259859.0
4,Phân bổ lợi thế thương mại,0.0,0.0,0.0,0.0,0.0,0.0,0.0,0.0,0.0,0.0
5,Chi phí dự phòng,0.0,0.0,-5656888.0,-55120757.0,22492224.0,-44772155.0,0.0,607855533.0,0.0,211697170.0
6,Lãi/(lỗ) chênh lệch tỷ giá chưa thực hiện,0.0,0.0,0.0,0.0,0.0,0.0,0.0,0.0,0.0,-152320000.0
8,Lãi/(lỗ) từ hoạt động đầu tư,0.0,0.0,-446787388.0,-778455678.0,-1068977954.0,-15308582587.0,-16770648154.0,-7745274337.0,-2089651438.0,-35248492465.0
9,Chi phí lãi vay,0.0,0.0,0.0,529681061.0,601666540.0,26481125789.0,18068746241.0,19111022143.0,7840734128.0,31520312601.0
11,Các khoản điều chỉnh khác,0.0,0.0,0.0,0.0,0.0,0.0,0.0,0.0,0.0,0.0
12,(Tăng)/giảm các khoản phải thu,0.0,0.0,-712228972919.0,714430717743.0,-140809639220.0,-183078921679.0,57886094012.0,-411350496507.0,191638511500.0,414770865969.0
13,(Tăng)/giảm hàng tồn kho,0.0,0.0,-2791731347495.0,2442800200238.0,-70638558790.0,-61035146566.0,-114189210843.0,-209428412608.0,-127710443302.0,-41419838471.0
14,Tăng/(giảm) các khoản phải trả,0.0,0.0,2288286888494.0,-2225502363596.0,-29320175747.0,137027231206.0,68878076732.0,339380534643.0,344995471110.0,-218250527740.0
15,( Tăng)/giảm chi phí trả trước,0.0,0.0,-1004384879.0,-255296771.0,-12274606131.0,-8017135873.0,-9284606201.0,19369427556.0,-105869444475.0,-50806218017.0
16,(Tăng)/giảm chứng khoán kinh doanh,0.0,0.0,0.0,-299210958905.0,299210958905.0,0.0,0.0,295787671234.0,-295787671234.0,293572478590.0
17,Chi phí lãi vay đã trả,0.0,0.0,1802136986.0,-3764600194.0,-971021379.0,-399240873.0,-32906795564.0,28945830.0,-35831226317.0,-1807735153.0
18,Thuế thu nhập doanh nghiệp đã trả,0.0,0.0,-32738543.0,70642.0,-357679045.0,0.0,0.0,-98024022.0,0.0,-1250028757.0
19,Tiền thu khác từ các hoạt động kinh doanh,0.0,0.0,0.0,0.0,0.0,0.0,0.0,0.0,0.0,0.0
20,Tiền chi khác từ các hoạt động kinh doanh,0.0,0.0,0.0,0.0,0.0,0.0,0.0,0.0,0.0,0.0
21,Lưu chuyển tiền tệ ròng từ hoạt động đầu tư,-9817732.0,1545955395.0,-911141830699.0,734527841356.0,-299349500454.0,-294697553813.0,39022784086.0,-12911076317.0,-12555937897.0,-453595083585.0
22,Tiền mua tài sản cố định và các tài sản dài hạn khác,0.0,0.0,-615204447557.0,607997665623.0,-892358171.0,-39090909.0,-159075809.0,-3372914529.0,-449229000.0,-136000000.0
23,Tiền thu được từ thanh lý tài sản cố định,0.0,0.0,0.0,272727273.0,0.0,0.0,0.0,0.0,0.0,3272727273.0
24,Tiền cho vay hoặc mua công cụ nợ,0.0,0.0,-295500000000.0,295500000000.0,-299210958905.0,-310000000000.0,-600500000000.0,300500000000.0,-300500000000.0,-160000000000.0
25,Tiền thu từ cho vay hoặc thu từ phát hành công cụ nợ,0.0,500000000.0,0.0,295505000000.0,0.0,0.0,623572478590.0,-313572478590.0,288072478590.0,-297572478590.0
26,Đầu tư vào các doanh nghiệp khác,0.0,0.0,-695881977.0,-465412108446.0,-1212025001.0,287126565.0,0.0,0.0,0.0,0.0
27,Tiền thu từ việc bán các khoản đầu tư vào các doanh nghiệp khác,0.0,0.0,0.0,196040000.0,1115977125.0,0.0,0.0,0.0,0.0,0.0
28,Cổ tức và tiền lãi nhận được,-9817732.0,1045955395.0,258498835.0,468516906.0,849864498.0,15054410531.0,16109381305.0,3534316802.0,320812513.0,840667732.0
29,Lưu chuyển tiền tệ từ hoạt động tài chính,0.0,0.0,2328156249999.0,-1403432975373.0,571962500000.0,4760642466.0,0.0,21398013332.0,67865619998.0,8736119998.0
30,Tiền thu từ phát hành cổ phiếu và vốn góp,0.0,0.0,900000000000.0,2660774626.0,0.0,0.0,0.0,0.0,0.0,0.0
31,"Chi trả cho việc mua lại, trả lại cổ phiếu",0.0,0.0,0.0,0.0,0.0,0.0,0.0,0.0,0.0,0.0
32,Tiền thu được các khoản đi vay,0.0,0.0,1428156249999.0,-1404356249999.0,592200000000.0,7800000000.0,0.0,21937600000.0,68200000000.0,17873000000.0
33,Tiển trả các khoản đi vay,0.0,0.0,0.0,-1737500000.0,-20237500000.0,-3039357534.0,0.0,-539586668.0,-334380002.0,-9136880002.0
34,Tiền thanh toán vốn gốc đi thuê tài chính,0.0,0.0,0.0,0.0,0.0,0.0,0.0,0.0,0.0,0.0
35,Cổ tức đã trả,0.0,0.0,0.0,0.0,0.0,0.0,0.0,0.0,0.0,0.0
37,Lưu chuyển tiền thuần trong kỳ,629475154.0,2242012032.0,257879798358.0,-100279327268.0,317903660146.0,-389207897382.0,12530108729.0,57268607060.0,35097420403.0,-47293112342.0
38,Tiền và tương đương tiền đầu kỳ,287193204.0,916668358.0,3158680390.0,261038478748.0,160759151480.0,478662811626.0,89467050819.0,101997159548.0,159265766608.0,194363187011.0
39,Ảnh hưởng của chênh lệch tỷ giá,0.0,0.0,0.0,0.0,0.0,0.0,0.0,0.0,0.0,0.0
40,Tiền và tương đương tiền cuối kỳ,916668358.0,3158680390.0,261038478748.0,160759151480.0,478662811626.0,89454914244.0,101997159548.0,159265766608.0,194363187011.0,147070074669.0
