,Unnamed: 0,Q3 2020,Q4 2020,Q1 2021,Q2 2021,Q3 2021,Q4 2021,Q1 2022,Q2 2022,Q3 2022,Q4 2022
0,Lưu chuyển tiền thuần từ các hoạt động sản xuất kinh doanh,-28149420785.0,-24318361962.0,-2896094118505.0,2072825286150.0,-349380888474.0,497358165714.0,176809166915.0,1887616578998.0,-354850374064.0,245640968595.0
1,Lãi/lỗ trước những thay đổi vốn lưu động,61123527669.0,22693264514.0,66062016424.0,216921755171.0,163204415107.0,-29006014104.0,145584646892.0,80740866183.0,22009712123.0,6810720380.0
2,Lãi trước thuế,70106665323.0,1180264200920.0,486369266738.0,64294182825.0,110559920571.0,772220402481.0,190332185278.0,70663860377.0,62466576126.0,128483892038.0
3,Khấu hao TSCĐ,114630000.0,11089424357.0,70385275404.0,70933607298.0,22085356846.0,115884259438.0,13125612649.0,120188867033.0,14834076437.0,104630200842.0
4,Phân bổ lợi thế thương mại,0.0,0.0,0.0,0.0,0.0,0.0,0.0,0.0,0.0,0.0
5,Chi phí dự phòng,0.0,-7606454786.0,20113819.0,40703629.0,120909580881.0,-123269528100.0,-5579340746.0,6173403986.0,-5498649107.0,9403829455.0
6,Lãi/(lỗ) chênh lệch tỷ giá chưa thực hiện,0.0,-28126970.0,0.0,0.0,-108824408.0,-70533774.0,0.0,0.0,0.0,-692928.0
8,Lãi/(lỗ) từ hoạt động đầu tư,-9524171216.0,-1180953574431.0,-577242024491.0,-2239920518.0,-183625462386.0,-894838795164.0,-84964209065.0,-141225440799.0,-70950369822.0,-257372000319.0
9,Chi phí lãi vay,426403562.0,19927795424.0,86529384954.0,83893181937.0,93383843603.0,101068181015.0,32670398776.0,24839726185.0,21158078489.0,21665491292.0
11,Các khoản điều chỉnh khác,0.0,0.0,0.0,0.0,0.0,0.0,0.0,100449401.0,0.0,0.0
12,(Tăng)/giảm các khoản phải thu,-193552931271.0,-1431049576624.0,53748512225.0,208829816100.0,-1129099994084.0,306207424304.0,-503019985231.0,96136336953.0,-578324996149.0,442292619980.0
13,(Tăng)/giảm hàng tồn kho,-29277405235.0,-23271895244.0,19180694300.0,46132079027.0,-8021985182.0,-33804658136.0,-4200517595.0,-4867660738.0,-14648389230.0,-5677581797.0
14,Tăng/(giảm) các khoản phải trả,137948940894.0,1388087559409.0,-2963878072877.0,2881244441106.0,457317379162.0,-394732607699.0,617731886770.0,1872064914312.0,204966153994.0,-78080219827.0
15,( Tăng)/giảm chi phí trả trước,-3965149280.0,67213942436.0,23015376126.0,32531883596.0,24914138379.0,30142380038.0,5360830725.0,-106142676350.0,34175810339.0,-79236467816.0
16,(Tăng)/giảm chứng khoán kinh doanh,0.0,0.0,0.0,-1225344482669.0,251811011990.0,973530852145.0,292480.0,0.0,0.0,0.0
17,Chi phí lãi vay đã trả,-426403562.0,-42809752676.0,-83457878210.0,-84611936222.0,-99477843998.0,-106131916816.0,-60692106919.0,-29663434056.0,-20347284968.0,-23840740651.0
18,Thuế thu nhập doanh nghiệp đã trả,0.0,-5181903777.0,-10764766493.0,-2878269959.0,-10028009848.0,-248847294018.0,-23955880207.0,-20651767306.0,-2681380173.0,-16627361674.0
19,Tiền thu khác từ các hoạt động kinh doanh,0.0,0.0,0.0,0.0,0.0,0.0,0.0,0.0,0.0,0.0
20,Tiền chi khác từ các hoạt động kinh doanh,0.0,0.0,0.0,0.0,0.0,0.0,0.0,0.0,0.0,0.0
21,Lưu chuyển tiền tệ ròng từ hoạt động đầu tư,5838535108.0,-235908122246.0,354331632624.0,-2929362277008.0,765342845551.0,632136666670.0,-15041275206.0,-1087407205634.0,346698100702.0,19031381589.0
22,Tiền mua tài sản cố định và các tài sản dài hạn khác,0.0,-106443447136.0,-6101053601.0,-19817698925.0,-7218818328.0,4668929522.0,-2529209993.0,-17210095443.0,-1507895356.0,-537391286.0
23,Tiền thu được từ thanh lý tài sản cố định,0.0,1271797420528.0,708253345484.0,643693779626.0,12635400830.0,-2080907727.0,0.0,0.0,7470000000.0,-1198400000.0
24,Tiền cho vay hoặc mua công cụ nợ,3515000000.0,0.0,-122130000000.0,-320670000000.0,417270000000.0,-197243000000.0,-191500000000.0,-2318408469041.0,-8000000000.0,-472500000000.0
25,Tiền thu từ cho vay hoặc thu từ phát hành công cụ nợ,0.0,0.0,157220000000.0,-10000000000.0,68070000000.0,134703000000.0,0.0,78655442850.0,0.0,0.0
26,Đầu tư vào các doanh nghiệp khác,2316444832.0,-1402149095698.0,-387855000000.0,-3226393768730.0,272393768730.0,-1080094390130.0,-173000000000.0,-133363000000.0,0.0,0.0
27,Tiền thu từ việc bán các khoản đầu tư vào các doanh nghiệp khác,0.0,0.0,0.0,2600000000.0,-2600000000.0,1762496650000.0,350092196728.0,1299684795939.0,346797525739.0,468790762360.0
28,Cổ tức và tiền lãi nhận được,7090276.0,887000060.0,4944340741.0,1225411021.0,4792494319.0,9686385005.0,1895738059.0,3234120061.0,1938470319.0,24476410515.0
29,Lưu chuyển tiền tệ từ hoạt động tài chính,-1720000000.0,284623241489.0,2580560251601.0,926805369204.0,-296470632760.0,-1116157297892.0,-373480503301.0,-831695473216.0,-1794975459.0,-203912900853.0
30,Tiền thu từ phát hành cổ phiếu và vốn góp,0.0,0.0,2960751500000.0,50000000.0,-50000000.0,0.0,0.0,0.0,0.0,0.0
31,"Chi trả cho việc mua lại, trả lại cổ phiếu",0.0,0.0,0.0,0.0,0.0,0.0,0.0,0.0,0.0,0.0
32,Tiền thu được các khoản đi vay,-1670000000.0,465004821961.0,306721652247.0,1960637982510.0,733786756273.0,1454757393339.0,690433868461.0,1006075085658.0,283511024877.0,300090868467.0
33,Tiển trả các khoản đi vay,-50000000.0,-180381580472.0,-686912900646.0,-1033882613306.0,-1030207389033.0,-2570914691231.0,-1063914371762.0,-1837770558874.0,-285306000336.0,-504003769320.0
34,Tiền thanh toán vốn gốc đi thuê tài chính,0.0,0.0,0.0,0.0,0.0,0.0,0.0,0.0,0.0,0.0
35,Cổ tức đã trả,0.0,0.0,0.0,0.0,0.0,0.0,0.0,0.0,0.0,0.0
37,Lưu chuyển tiền thuần trong kỳ,-24030885677.0,24396757281.0,38797765720.0,70268378346.0,119491324317.0,13337534492.0,-211712611592.0,-31486099852.0,-9947248821.0,60759449331.0
38,Tiền và tương đương tiền đầu kỳ,45450072896.0,21419187219.0,29692934662.0,68490700382.0,138759078728.0,258250403045.0,271589437494.0,59876825902.0,28390726050.0,18443477229.0
39,Ảnh hưởng của chênh lệch tỷ giá,0.0,28126970.0,0.0,0.0,0.0,1499957.0,0.0,0.0,0.0,692928.0
40,Tiền và tương đương tiền cuối kỳ,21419187219.0,45844071470.0,68490700382.0,138759078728.0,258250403045.0,271589437494.0,59876825902.0,28390726050.0,18443477229.0,79203619488.0
