,Unnamed: 0,2012,2013,2014,2015,2016,2018,2019,2020,2021,2022
0,Lưu chuyển tiền thuần từ các hoạt động sản xuất kinh doanh,-33556492678.0,-45228751075.0,-137071740337.0,-261600051825.0,-19025690264.0,23938911099.0,34155829124.0,48234557430.0,143776979047.0,91669227640.0
1,Lãi/lỗ trước những thay đổi vốn lưu động,0.0,0.0,0.0,58394286088.0,125881217233.0,109752540407.0,86774654933.0,80113624622.0,69014217713.0,102194610110.0
2,Lãi trước thuế,0.0,0.0,0.0,14162347106.0,12122095351.0,-12973115233.0,-15435514802.0,1651037412.0,4800238438.0,10708982313.0
3,Khấu hao TSCĐ,0.0,0.0,0.0,11676126413.0,39613345865.0,39751209447.0,31777391726.0,32264427995.0,29817669670.0,29546454904.0
5,Chi phí dự phòng,0.0,0.0,0.0,3281800302.0,-598748051.0,0.0,-156026051.0,0.0,0.0,0.0
6,Lãi/(lỗ) chênh lệch tỷ giá chưa thực hiện,0.0,0.0,0.0,391536896.0,-234896031.0,0.0,0.0,31516720.0,0.0,0.0
8,Lãi/(lỗ) từ hoạt động đầu tư,0.0,0.0,0.0,-138372344.0,-14188050.0,-201025680.0,-804694027.0,-49750652.0,-150582234.0,-1726784695.0
9,Chi phí lãi vay,0.0,0.0,0.0,29020847715.0,74993608149.0,83175471873.0,71393498087.0,46216393147.0,34546891839.0,63278235588.0
11,Các khoản điều chỉnh khác,0.0,0.0,0.0,0.0,0.0,0.0,0.0,0.0,0.0,387722000.0
12,(Tăng)/giảm các khoản phải thu,0.0,0.0,0.0,-63930632808.0,-3515775249.0,7527080552.0,-8899726543.0,29473914800.0,71953093088.0,41613927118.0
13,(Tăng)/giảm hàng tồn kho,0.0,0.0,0.0,-7251550329.0,-11575539200.0,32316322541.0,-5546189245.0,22320471490.0,69164132803.0,-5159983885.0
14,Tăng/(giảm) các khoản phải trả,0.0,0.0,0.0,-228379191967.0,-84448314118.0,-52188516782.0,-43417997755.0,-45388524994.0,-38680313516.0,-31682829334.0
15,( Tăng)/giảm chi phí trả trước,0.0,0.0,0.0,4154677489.0,-6905445991.0,-9139891696.0,5245087734.0,4524324659.0,8778175894.0,4791762088.0
16,(Tăng)/giảm chứng khoán kinh doanh,0.0,0.0,0.0,0.0,0.0,0.0,0.0,0.0,0.0,0.0
17,Chi phí lãi vay đã trả,0.0,0.0,0.0,-21983954630.0,-38865880465.0,-63081515917.0,0.0,-41117443147.0,-33898523126.0,-15747601957.0
18,Thuế thu nhập doanh nghiệp đã trả,0.0,0.0,0.0,-2433485668.0,-5804616768.0,-64000000.0,0.0,0.0,-2153203809.0,-2702640760.0
19,Tiền thu khác từ các hoạt động kinh doanh,0.0,0.0,0.0,0.0,6412364294.0,0.0,0.0,0.0,0.0,0.0
20,Tiền chi khác từ các hoạt động kinh doanh,0.0,0.0,0.0,-170200000.0,-203700000.0,-1183108006.0,0.0,-1691810000.0,-400600000.0,-1638015740.0
21,Lưu chuyển tiền tệ ròng từ hoạt động đầu tư,866104551.0,-89355506863.0,-93339276694.0,-62359713267.0,-54639643472.0,-14516771815.0,1804694027.0,-1770569348.0,-5059722893.0,1959712980.0
22,Tiền mua tài sản cố định và các tài sản dài hạn khác,-197522800.0,-89948225640.0,-94279013289.0,-67693366638.0,-63994197805.0,-14717797495.0,0.0,-820320000.0,-5210305127.0,-602396250.0
23,Tiền thu được từ thanh lý tài sản cố định,709100773.0,172916668.0,532727273.0,0.0,0.0,0.0,0.0,36000000.0,0.0,2522727272.0
24,Tiền cho vay hoặc mua công cụ nợ,0.0,0.0,0.0,0.0,0.0,0.0,0.0,-1000000000.0,0.0,0.0
25,Tiền thu từ cho vay hoặc thu từ phát hành công cụ nợ,0.0,0.0,0.0,0.0,9000000000.0,0.0,0.0,0.0,0.0,0.0
26,Đầu tư vào các doanh nghiệp khác,0.0,0.0,0.0,0.0,0.0,0.0,0.0,0.0,0.0,0.0
27,Tiền thu từ việc bán các khoản đầu tư vào các doanh nghiệp khác,0.0,0.0,0.0,5000000000.0,0.0,0.0,1000000000.0,0.0,0.0,0.0
28,Cổ tức và tiền lãi nhận được,354526578.0,419802109.0,407009322.0,333653371.0,354554333.0,201025680.0,804694027.0,13750652.0,150582234.0,39381958.0
29,Lưu chuyển tiền tệ từ hoạt động tài chính,61493156575.0,100496175544.0,270273280563.0,275119208222.0,74452726318.0,-25223868057.0,-35000000000.0,-42450000000.0,-126925951625.0,-96341126279.0
30,Tiền thu từ phát hành cổ phiếu và vốn góp,0.0,0.0,0.0,0.0,0.0,0.0,0.0,0.0,0.0,0.0
31,"Chi trả cho việc mua lại, trả lại cổ phiếu",0.0,0.0,0.0,0.0,0.0,0.0,0.0,0.0,0.0,0.0
32,Tiền thu được các khoản đi vay,133691730575.0,151819374875.0,438001593686.0,604316124317.0,507458262250.0,10000000000.0,0.0,6000000000.0,11509671734.0,0.0
33,Tiển trả các khoản đi vay,-59490000000.0,-51323199331.0,-167728313123.0,-321387411370.0,-432854934661.0,-35223868057.0,-35000000000.0,-48450000000.0,-138028999995.0,-96341126279.0
34,Tiền thanh toán vốn gốc đi thuê tài chính,0.0,0.0,0.0,0.0,0.0,0.0,0.0,0.0,0.0,0.0
35,Cổ tức đã trả,-12708574000.0,0.0,0.0,-7809504725.0,-150601271.0,0.0,0.0,0.0,-406623364.0,0.0
37,Lưu chuyển tiền thuần trong kỳ,28802768448.0,-34088082394.0,39862263532.0,-48840556870.0,787392582.0,-15801728773.0,960523151.0,4013988082.0,11791304529.0,-2712185659.0
38,Tiền và tương đương tiền đầu kỳ,26521430161.0,55324198609.0,21236116215.0,61098379747.0,12257822877.0,19268674951.0,3466946178.0,4427932371.0,8441920453.0,20233224982.0
39,Ảnh hưởng của chênh lệch tỷ giá,0.0,0.0,0.0,0.0,128821248.0,0.0,0.0,0.0,0.0,0.0
40,Tiền và tương đương tiền cuối kỳ,55324198609.0,21236116215.0,61098379747.0,12257822877.0,13174036707.0,3466946178.0,4427469329.0,8441920453.0,20233224982.0,17521039323.0
