,Unnamed: 0,2013,2014,2015,2016,2017,2018,2019,2020,2021,2022
0,Lưu chuyển tiền thuần từ các hoạt động sản xuất kinh doanh,-121893392863.0,37067694652.0,26161250859.0,9147238722.0,-104512430982.0,-89038498106.0,19326909065.0,-56741969662.0,45192022086.0,-174544866866.0
1,Lãi/lỗ trước những thay đổi vốn lưu động,-21174702393.0,45336947191.0,25972464124.0,-23077598727.0,-34252356760.0,-40616245806.0,-6143413729.0,-6481182991.0,21504571769.0,-48893577452.0
2,Lãi trước thuế,-138369986165.0,2146778888.0,5019951259.0,5530432.0,-65159640096.0,-17770572421.0,217530392.0,2049748483.0,28081795774.0,-117145729971.0
3,Khấu hao TSCĐ,9511916315.0,7056233972.0,5688024998.0,4768589085.0,4546097949.0,4584857243.0,5150381449.0,5382229255.0,5446980213.0,5232213725.0
5,Chi phí dự phòng,22507906090.0,-4355999699.0,-17202293057.0,-8387013177.0,1315100000.0,3071681771.0,0.0,4645213.0,0.0,67660304151.0
6,Lãi/(lỗ) chênh lệch tỷ giá chưa thực hiện,0.0,0.0,0.0,0.0,0.0,0.0,0.0,0.0,0.0,0.0
8,Lãi/(lỗ) từ hoạt động đầu tư,15288206365.0,-6956705005.0,-8642017598.0,-50583732810.0,16506566154.0,-31579307413.0,-11511325570.0,-13917805942.0,-12024204218.0,-5377895415.0
9,Chi phí lãi vay,69887255002.0,47446639035.0,41108798522.0,31119027743.0,8539519233.0,1077095014.0,0.0,0.0,0.0,737530058.0
11,Các khoản điều chỉnh khác,0.0,0.0,0.0,0.0,0.0,0.0,0.0,0.0,0.0,0.0
12,(Tăng)/giảm các khoản phải thu,-31746146229.0,-14099296661.0,-79959210722.0,93086755265.0,-206025091706.0,106230446264.0,-11428357747.0,-25468187584.0,-52172044917.0,18096720172.0
13,(Tăng)/giảm hàng tồn kho,286635295064.0,36380280808.0,294175487167.0,46043539766.0,76553677920.0,-9562168697.0,518086739.0,-38979174095.0,46777442623.0,19876783058.0
14,Tăng/(giảm) các khoản phải trả,-321700942052.0,-45806413611.0,-220978836907.0,-97357453291.0,79673259252.0,-73849801319.0,35693615791.0,14127992608.0,29184022280.0,-162530795688.0
15,( Tăng)/giảm chi phí trả trước,21034913451.0,21081272227.0,5818638173.0,2539525903.0,3713429673.0,2750876766.0,686978011.0,58582400.0,-101969669.0,-362766898.0
16,(Tăng)/giảm chứng khoán kinh doanh,0.0,0.0,0.0,0.0,0.0,0.0,0.0,0.0,0.0,0.0
17,Chi phí lãi vay đã trả,-40905672289.0,-4259321965.0,-2791376234.0,-12087530194.0,-23185349361.0,-73991605314.0,0.0,0.0,0.0,-737530058.0
18,Thuế thu nhập doanh nghiệp đã trả,0.0,0.0,0.0,0.0,-990000000.0,0.0,0.0,0.0,0.0,0.0
19,Tiền thu khác từ các hoạt động kinh doanh,1518828336.0,969157996.0,3924085258.0,0.0,0.0,0.0,0.0,0.0,0.0,6300000.0
20,Tiền chi khác từ các hoạt động kinh doanh,-15554966751.0,-2534931333.0,0.0,0.0,0.0,0.0,0.0,0.0,0.0,0.0
21,Lưu chuyển tiền tệ ròng từ hoạt động đầu tư,117364508055.0,6448113581.0,19786689354.0,63919456898.0,393838095393.0,126447676231.0,-96400936492.0,31260459373.0,141997303595.0,-7328249914.0
22,Tiền mua tài sản cố định và các tài sản dài hạn khác,-10126619956.0,-20904982082.0,-4111164725.0,-10468608359.0,-2203334953.0,-34900000.0,-10836136838.0,-3033474217.0,-93176000.0,-916046772.0
23,Tiền thu được từ thanh lý tài sản cố định,131320000000.0,24682123975.0,20388060609.0,18802646060.0,0.0,185500000.0,209671651.0,0.0,0.0,0.0
24,Tiền cho vay hoặc mua công cụ nợ,0.0,0.0,0.0,0.0,0.0,-80000000000.0,-177741498657.0,-335763090870.0,-246593472962.0,-212470000000.0
25,Tiền thu từ cho vay hoặc thu từ phát hành công cụ nợ,0.0,0.0,0.0,0.0,5000000000.0,0.0,80000000000.0,355978159498.0,376393472962.0,200196430029.0
26,Đầu tư vào các doanh nghiệp khác,0.0,0.0,0.0,-5000000000.0,-48995520000.0,0.0,0.0,0.0,0.0,0.0
27,Tiền thu từ việc bán các khoản đầu tư vào các doanh nghiệp khác,0.0,176000000.0,0.0,56365830000.0,437924009773.0,198564260173.0,0.0,0.0,0.0,0.0
28,Cổ tức và tiền lãi nhận được,-3828871989.0,2494971688.0,3509793470.0,4219589197.0,2112940573.0,7732816058.0,11967027352.0,14078864962.0,12290479595.0,5861366829.0
29,Lưu chuyển tiền tệ từ hoạt động tài chính,-146990458742.0,-55639640957.0,-44710263598.0,-77979140589.0,-224940354423.0,-6650000.0,-6650000.0,-49481890.0,-22003520.0,0.0
30,Tiền thu từ phát hành cổ phiếu và vốn góp,0.0,0.0,0.0,0.0,0.0,0.0,0.0,0.0,0.0,0.0
31,"Chi trả cho việc mua lại, trả lại cổ phiếu",0.0,0.0,0.0,0.0,0.0,0.0,0.0,0.0,0.0,0.0
32,Tiền thu được các khoản đi vay,526525827.0,15000000000.0,12475987238.0,0.0,0.0,0.0,0.0,0.0,0.0,105941112252.0
33,Tiển trả các khoản đi vay,-147475153219.0,-58983055277.0,-57128185886.0,-51739675809.0,-224913754423.0,0.0,0.0,0.0,0.0,-105941112252.0
34,Tiền thanh toán vốn gốc đi thuê tài chính,0.0,0.0,0.0,0.0,0.0,0.0,0.0,0.0,0.0,0.0
35,Cổ tức đã trả,-41831350.0,-11656585680.0,-58064950.0,-26239464780.0,-26600000.0,-6650000.0,-6650000.0,-49481890.0,-22003520.0,0.0
37,Lưu chuyển tiền thuần trong kỳ,-151519343550.0,-12123832724.0,1237676615.0,-4912444969.0,64385309988.0,37402528125.0,-77080677427.0,-25530992179.0,187167322161.0,-181873116780.0
38,Tiền và tương đương tiền đầu kỳ,191186239772.0,39666896222.0,27543063498.0,28780740113.0,23868295144.0,88253605132.0,125656133257.0,48575455830.0,23044463651.0,210211785812.0
39,Ảnh hưởng của chênh lệch tỷ giá,0.0,0.0,0.0,0.0,0.0,0.0,0.0,0.0,0.0,0.0
40,Tiền và tương đương tiền cuối kỳ,39666896222.0,27543063498.0,28780740113.0,23868295144.0,88253605132.0,125656133257.0,48575455830.0,23044463651.0,210211785812.0,28338669032.0
