,Unnamed: 0,2013,2014,2015,2016,2017,2018,2019,2020,2021,2022
0,Lưu chuyển tiền thuần từ các hoạt động sản xuất kinh doanh,-15900122539.0,-36496312410.0,-6788353418.0,17442571657.0,5517826801.0,28763020268.0,-800845629.0,-796603993.0,632181789.0,-16410336397.0
1,Lãi/lỗ trước những thay đổi vốn lưu động,13597315678.0,-12298735110.0,8074760668.0,12534815241.0,-13979955705.0,4421048292.0,4307676055.0,-4633561727.0,5514432557.0,2885821234.0
2,Lãi trước thuế,3544500534.0,-34853563395.0,2838069013.0,4001228999.0,-21843836959.0,-871757883.0,1492600895.0,-3548211446.0,1118558507.0,38979667674.0
3,Khấu hao TSCĐ,4679727803.0,4552273952.0,4480254896.0,4575372814.0,4432839838.0,4203196093.0,3807238455.0,3633964916.0,3359364702.0,3234168121.0
5,Chi phí dự phòng,1587912813.0,14075517048.0,-4861570127.0,443222846.0,241023005.0,929966430.0,-983761405.0,-5196156743.0,1039456526.0,495913813.0
6,Lãi/(lỗ) chênh lệch tỷ giá chưa thực hiện,0.0,0.0,142325.0,0.0,0.0,0.0,0.0,0.0,0.0,-39823928374.0
8,Lãi/(lỗ) từ hoạt động đầu tư,-2283638428.0,-2550471771.0,-1900488725.0,-747176864.0,-592585815.0,-1138726705.0,-8401890.0,476841546.0,-2947178.0,0.0
9,Chi phí lãi vay,6068812956.0,6477509056.0,7518353286.0,4262167446.0,3782604226.0,1298370357.0,0.0,0.0,0.0,0.0
11,Các khoản điều chỉnh khác,0.0,0.0,0.0,0.0,0.0,0.0,0.0,0.0,0.0,0.0
12,(Tăng)/giảm các khoản phải thu,-1458641315.0,37973677543.0,-1384103523.0,2762530254.0,44712774317.0,-4987118446.0,8148291682.0,4054140714.0,-11911501516.0,-33713677322.0
13,(Tăng)/giảm hàng tồn kho,-20232521769.0,17197281533.0,10155179082.0,-6233837081.0,4173258666.0,9513381840.0,-1031881808.0,264776709.0,-1895593207.0,-3106902983.0
14,Tăng/(giảm) các khoản phải trả,65853978465.0,-79035431033.0,-22633998257.0,10609446671.0,-31840059549.0,11138546553.0,-12617039439.0,-10358692259.0,4165388270.0,10821155672.0
15,( Tăng)/giảm chi phí trả trước,-5171377225.0,6614935790.0,7415398790.0,1751628296.0,6235236075.0,9975869609.0,392107881.0,9876732570.0,4759455685.0,6703267002.0
16,(Tăng)/giảm chứng khoán kinh doanh,0.0,0.0,0.0,466275862.0,0.0,797724138.0,0.0,0.0,0.0,0.0
17,Chi phí lãi vay đã trả,-6068812956.0,-6389717389.0,-7518353286.0,-4333237586.0,-3714427003.0,-1366547580.0,0.0,0.0,0.0,0.0
18,Thuế thu nhập doanh nghiệp đã trả,-946189603.0,-1102203744.0,-737336892.0,0.0,0.0,0.0,0.0,0.0,0.0,0.0
19,Tiền thu khác từ các hoạt động kinh doanh,12139216541.0,706480000.0,0.0,0.0,0.0,40000000.0,0.0,0.0,0.0,0.0
20,Tiền chi khác từ các hoạt động kinh doanh,-73613090355.0,-162600000.0,-159900000.0,-115050000.0,-69000000.0,-769884138.0,0.0,0.0,0.0,0.0
21,Lưu chuyển tiền tệ ròng từ hoạt động đầu tư,52829244016.0,14086107082.0,-4604612312.0,5274265955.0,3657926926.0,11100225594.0,-325098110.0,-38791546.0,-672088822.0,17864159737.0
22,Tiền mua tài sản cố định và các tài sản dài hạn khác,-2474214708.0,-1004901045.0,-122525454.0,-1172910909.0,-38130000.0,-55990000.0,-333500000.0,-41950000.0,-675036000.0,-314366400.0
23,Tiền thu được từ thanh lý tài sản cố định,0.0,590909090.0,558181820.0,0.0,0.0,1123500000.0,0.0,0.0,0.0,18177272727.0
24,Tiền cho vay hoặc mua công cụ nợ,-12580000000.0,0.0,-6350000000.0,-8500000000.0,-7000000000.0,0.0,0.0,0.0,0.0,0.0
25,Tiền thu từ cho vay hoặc thu từ phát hành công cụ nợ,53599820296.0,0.0,0.0,14200000000.0,8000000000.0,9988960000.0,0.0,0.0,0.0,0.0
26,Đầu tư vào các doanh nghiệp khác,0.0,0.0,0.0,0.0,0.0,0.0,0.0,0.0,0.0,0.0
27,Tiền thu từ việc bán các khoản đầu tư vào các doanh nghiệp khác,12000000000.0,13440000000.0,0.0,0.0,2132000000.0,0.0,0.0,0.0,0.0,0.0
28,Cổ tức và tiền lãi nhận được,2283638428.0,1060099037.0,1309731322.0,747176864.0,564056926.0,43755594.0,8401890.0,3158454.0,2947178.0,1253410.0
29,Lưu chuyển tiền tệ từ hoạt động tài chính,-28647138375.0,14270506230.0,13344388171.0,-26397968413.0,-11799950000.0,-39910000000.0,0.0,0.0,0.0,0.0
30,Tiền thu từ phát hành cổ phiếu và vốn góp,0.0,0.0,0.0,0.0,-479950000.0,0.0,0.0,0.0,0.0,0.0
31,"Chi trả cho việc mua lại, trả lại cổ phiếu",0.0,0.0,0.0,0.0,0.0,0.0,0.0,0.0,0.0,0.0
32,Tiền thu được các khoản đi vay,359019773463.0,355498225530.0,193912783942.0,198998214654.0,168983282184.0,219216373124.0,0.0,0.0,0.0,0.0
33,Tiển trả các khoản đi vay,-387666911838.0,-337873791222.0,-180180961000.0,-224875569205.0,-180303282184.0,-259126373124.0,0.0,0.0,0.0,0.0
34,Tiền thanh toán vốn gốc đi thuê tài chính,0.0,-1037208398.0,-386009771.0,-509213862.0,0.0,0.0,0.0,0.0,0.0,0.0
35,Cổ tức đã trả,0.0,-2316719680.0,-1425000.0,-11400000.0,0.0,0.0,0.0,0.0,0.0,0.0
37,Lưu chuyển tiền thuần trong kỳ,8281983102.0,-8139699098.0,1951422441.0,-3681130801.0,-2624196273.0,-46754138.0,-1125943739.0,-835395539.0,-39907033.0,1453823340.0
38,Tiền và tương đương tiền đầu kỳ,7332300946.0,14955531048.0,6815831950.0,8767112066.0,5085981265.0,2461784992.0,2415030854.0,1289087115.0,453691576.0,413784543.0
39,Ảnh hưởng của chênh lệch tỷ giá,0.0,0.0,-142325.0,0.0,0.0,0.0,0.0,0.0,0.0,0.0
40,Tiền và tương đương tiền cuối kỳ,15614284048.0,6815831950.0,8767112066.0,5085981265.0,2461784992.0,2415030854.0,1289087115.0,453691576.0,413784543.0,1867607883.0
