,Unnamed: 0,2012,2013,2014,2015,2016,2017,2018,2019,2020,2021
0,Lưu chuyển tiền thuần từ các hoạt động sản xuất kinh doanh,-6395766189.0,-5366354924.0,2068738778.0,-7244416864.0,-867968560.0,-11373688801.0,3063470383.0,-1069001006.0,375596960.0,1033192897.0
1,Lãi/lỗ trước những thay đổi vốn lưu động,1110880813.0,-287275615.0,6264852902.0,-8975106358.0,-7255813376.0,-18135452756.0,1863599824.0,2146300952.0,1610483854.0,-861876823.0
2,Lãi trước thuế,-22030185068.0,-17660185699.0,1160489344.0,-20120964297.0,-6818184279.0,-19868679848.0,-3967542773.0,-13183325552.0,-3526151332.0,-10252793634.0
3,Khấu hao TSCĐ,5585153485.0,5106255769.0,5088508807.0,4157575710.0,3932592074.0,2539726613.0,2702192200.0,3017596607.0,2457860009.0,2022830376.0
5,Chi phí dự phòng,17305096167.0,11583909840.0,-787437551.0,7415065469.0,414058300.0,1670697650.0,2154859105.0,11486020322.0,2177522312.0,7101988720.0
6,Lãi/(lỗ) chênh lệch tỷ giá chưa thực hiện,0.0,-1133745.0,0.0,2045557.0,0.0,0.0,-6355687.0,0.0,0.0,0.0
7,Lãi/(lỗ) từ thanh lý tài sản cố định,0.0,0.0,0.0,0.0,-4797904914.0,-3248620065.0,0.0,0.0,0.0,0.0
8,Lãi/(lỗ) từ hoạt động đầu tư,-1300392332.0,-487074345.0,0.0,-670478412.0,0.0,0.0,-14804645.0,58186524.0,-38746844.0,-189037.0
9,Chi phí lãi vay,1551208561.0,1170952565.0,803292302.0,241649615.0,13625443.0,771422894.0,995251624.0,767823051.0,539999709.0,266286752.0
10,Thu lãi và cổ tức,0.0,0.0,0.0,0.0,0.0,0.0,0.0,0.0,0.0,0.0
11,Các khoản điều chỉnh khác,0.0,0.0,0.0,0.0,0.0,0.0,0.0,0.0,0.0,0.0
12,(Tăng)/giảm các khoản phải thu,-16005366625.0,2754882147.0,-2029664914.0,3452228901.0,7931746221.0,-780766396.0,3068136621.0,-12387865133.0,-375945739.0,-6098879416.0
13,(Tăng)/giảm hàng tồn kho,413025532.0,9908190.0,11472523.0,31321624.0,-774242.0,335574518.0,-8155333.0,25319400.0,21420438.0,1283686.0
14,Tăng/(giảm) các khoản phải trả,6335629888.0,-6045509380.0,-517893214.0,-796838029.0,-1871987154.0,7775957874.0,1230227109.0,10098340971.0,-382550406.0,8532173714.0
15,( Tăng)/giảm chi phí trả trước,3275022764.0,-278467116.0,-848560155.0,-714373387.0,342485434.0,958886667.0,104263917.0,128374812.0,81980796.0,-277950825.0
16,(Tăng)/giảm chứng khoán kinh doanh,0.0,0.0,0.0,0.0,0.0,0.0,0.0,0.0,0.0,0.0
17,Chi phí lãi vay đã trả,-1524958561.0,-1197202565.0,-803292302.0,-241649615.0,-13625443.0,-771422894.0,-995251623.0,-767823051.0,-499824709.0,-158613068.0
18,Thuế thu nhập doanh nghiệp đã trả,0.0,-388500665.0,-8176062.0,0.0,0.0,-756465814.0,-2199350132.0,-311648957.0,-79967274.0,-102944371.0
19,Tiền thu khác từ các hoạt động kinh doanh,0.0,65810080.0,0.0,0.0,0.0,0.0,0.0,0.0,0.0,0.0
20,Tiền chi khác từ các hoạt động kinh doanh,0.0,0.0,0.0,0.0,0.0,0.0,0.0,0.0,0.0,0.0
21,Lưu chuyển tiền tệ ròng từ hoạt động đầu tư,2290902626.0,259152843.0,477636363.0,14789681830.0,6345130261.0,-7364078510.0,-34855355.0,3788204553.0,362543886.0,189037.0
22,Tiền mua tài sản cố định và các tài sản dài hạn khác,-24565454.0,-635110000.0,477636363.0,0.0,-7480950840.0,-16283872768.0,-49660000.0,0.0,-64600000.0,0.0
23,Tiền thu được từ thanh lý tài sản cố định,3930454545.0,614545456.0,0.0,19401181820.0,9203200000.0,8903181811.0,3072727.0,0.0,266641570.0,0.0
24,Tiền cho vay hoặc mua công cụ nợ,0.0,0.0,0.0,0.0,0.0,-150000000.0,0.0,0.0,0.0,0.0
25,Tiền thu từ cho vay hoặc thu từ phát hành công cụ nợ,0.0,0.0,0.0,0.0,0.0,0.0,0.0,0.0,150000000.0,0.0
26,Đầu tư vào các doanh nghiệp khác,-3000000000.0,0.0,0.0,-4611499990.0,0.0,0.0,0.0,0.0,0.0,0.0
27,Tiền thu từ việc bán các khoản đầu tư vào các doanh nghiệp khác,0.0,0.0,0.0,0.0,4611499990.0,0.0,0.0,3777768977.0,0.0,0.0
28,Cổ tức và tiền lãi nhận được,1385013535.0,279717387.0,0.0,0.0,11381111.0,166612447.0,11731918.0,10435576.0,10502316.0,189037.0
29,Lưu chuyển tiền tệ từ hoạt động tài chính,-2095973500.0,-3166793495.0,-387600000.0,-6724953458.0,-283333502.0,10812566032.0,-2408327326.0,-2594741826.0,-1721356374.0,-1351152604.0
30,Tiền thu từ phát hành cổ phiếu và vốn góp,0.0,0.0,0.0,0.0,0.0,0.0,0.0,0.0,0.0,0.0
31,"Chi trả cho việc mua lại, trả lại cổ phiếu",0.0,0.0,0.0,0.0,0.0,0.0,0.0,0.0,0.0,0.0
32,Tiền thu được các khoản đi vay,0.0,0.0,21817425836.0,0.0,0.0,12456500000.0,0.0,0.0,0.0,0.0
33,Tiển trả các khoản đi vay,0.0,-1604113040.0,-22205025836.0,-6724953458.0,-283333502.0,-1643933968.0,-2408327326.0,-2594741826.0,-1721356374.0,-1351152604.0
34,Tiền thanh toán vốn gốc đi thuê tài chính,0.0,-1562680455.0,0.0,0.0,0.0,0.0,0.0,0.0,0.0,0.0
35,Cổ tức đã trả,-2095973500.0,0.0,0.0,0.0,0.0,0.0,0.0,0.0,0.0,0.0
36,Tiền lãi đã nhận,0.0,0.0,0.0,0.0,0.0,0.0,0.0,0.0,0.0,0.0
37,Lưu chuyển tiền thuần trong kỳ,-6200837063.0,-8273995576.0,2158775141.0,820311508.0,5193828199.0,-7925201279.0,620287702.0,124461721.0,-983215528.0,-317770670.0
38,Tiền và tương đương tiền đầu kỳ,15983551927.0,9782714864.0,1509853033.0,3668628174.0,4488939682.0,9682767881.0,1757566602.0,1342458769.0,1466920490.0,483704962.0
39,Ảnh hưởng của chênh lệch tỷ giá,0.0,1133745.0,0.0,0.0,0.0,0.0,6355687.0,0.0,0.0,0.0
40,Tiền và tương đương tiền cuối kỳ,9782714864.0,1509853033.0,3668628174.0,4488939682.0,9682767881.0,1757566602.0,2384209991.0,1466920490.0,483704962.0,165934292.0
