,Unnamed: 0,2013,2014,2015,2016,2017,2018,2019,2020,2021,2022
0,Lưu chuyển tiền thuần từ các hoạt động sản xuất kinh doanh,-6646190393.0,-11988221239.0,3802508361.0,8761657181.0,-9712825112.0,14207293212.0,-6783409816.0,5242498795.0,1487365434.0,2926629574.0
1,Lãi/lỗ trước những thay đổi vốn lưu động,1343925399.0,2324063320.0,5166671301.0,10501320560.0,5797482356.0,5396430453.0,-923258222.0,-803742387.0,2191006649.0,810913177.0
2,Lãi trước thuế,197024354.0,1001969682.0,2824356849.0,4587373137.0,867881529.0,273264481.0,-3349526373.0,-5415802846.0,-110637572.0,-2275780912.0
3,Khấu hao TSCĐ,1146901045.0,1323241105.0,1470398237.0,2411065721.0,3402460313.0,3225896535.0,2319993964.0,1999418234.0,2051696876.0,3013153002.0
5,Chi phí dự phòng,0.0,0.0,798937609.0,780187443.0,110618375.0,-922285744.0,652599997.0,1971225366.0,249872678.0,73541087.0
6,Lãi/(lỗ) chênh lệch tỷ giá chưa thực hiện,0.0,0.0,0.0,0.0,0.0,0.0,0.0,0.0,0.0,0.0
8,Lãi/(lỗ) từ hoạt động đầu tư,0.0,-1147467.0,72978606.0,210974820.0,-309014552.0,2439374002.0,-824962817.0,526102009.0,0.0,0.0
9,Chi phí lãi vay,0.0,0.0,0.0,403657440.0,456910997.0,380181179.0,278637007.0,115314850.0,74667.0,0.0
11,Các khoản điều chỉnh khác,0.0,0.0,0.0,2108061999.0,1268625694.0,0.0,0.0,0.0,0.0,0.0
12,(Tăng)/giảm các khoản phải thu,-3095802077.0,-12698257979.0,4173110116.0,-10515810198.0,-7167924232.0,12169099606.0,-4357264886.0,28509684384.0,-1796323879.0,-2257904482.0
13,(Tăng)/giảm hàng tồn kho,-5223542449.0,-3425699839.0,-5188784283.0,-6262140544.0,3393837888.0,-1086231518.0,1950549430.0,-2125106368.0,-1244893687.0,798538467.0
14,Tăng/(giảm) các khoản phải trả,271198279.0,1677503164.0,862773548.0,15421119644.0,-10864668352.0,-1630847348.0,-2625895572.0,-19946897485.0,2354976301.0,4041305729.0
15,( Tăng)/giảm chi phí trả trước,217692909.0,134170095.0,-1211262321.0,840259576.0,19957942.0,660345550.0,229613969.0,32521294.0,917803.0,-466223317.0
16,(Tăng)/giảm chứng khoán kinh doanh,0.0,0.0,0.0,0.0,0.0,0.0,0.0,0.0,0.0,0.0
17,Chi phí lãi vay đã trả,-5950550.0,0.0,0.0,-403657440.0,-456910997.0,-380181179.0,-278637007.0,-115314850.0,0.0,0.0
18,Thuế thu nhập doanh nghiệp đã trả,-153711904.0,0.0,0.0,-819434417.0,-434599717.0,-921322352.0,-778517528.0,-308645793.0,-18317753.0,0.0
19,Tiền thu khác từ các hoạt động kinh doanh,0.0,0.0,0.0,0.0,0.0,0.0,0.0,0.0,0.0,0.0
20,Tiền chi khác từ các hoạt động kinh doanh,0.0,0.0,0.0,0.0,0.0,0.0,0.0,0.0,0.0,0.0
21,Lưu chuyển tiền tệ ròng từ hoạt động đầu tư,5648415123.0,-4390154518.0,-4733012801.0,-20065042991.0,-1461920489.0,-14045621980.0,2750124104.0,200024104.0,-165000000.0,0.0
22,Tiền mua tài sản cố định và các tài sản dài hạn khác,-4351584877.0,-4391301985.0,-3035744373.0,-14722061899.0,-5774000000.0,-16950000000.0,0.0,0.0,-165000000.0,0.0
23,Tiền thu được từ thanh lý tài sản cố định,0.0,0.0,100000000.0,50000000.0,1845454545.0,1004000000.0,2750000000.0,200000000.0,0.0,0.0
24,Tiền cho vay hoặc mua công cụ nợ,0.0,0.0,-1800000000.0,-5500000000.0,0.0,0.0,0.0,0.0,0.0,0.0
25,Tiền thu từ cho vay hoặc thu từ phát hành công cụ nợ,0.0,0.0,0.0,0.0,0.0,0.0,0.0,0.0,0.0,0.0
26,Đầu tư vào các doanh nghiệp khác,0.0,0.0,0.0,0.0,0.0,0.0,0.0,0.0,-1000000.0,0.0
27,Tiền thu từ việc bán các khoản đầu tư vào các doanh nghiệp khác,10000000000.0,0.0,0.0,0.0,153551456.0,1900000000.0,0.0,0.0,1000000.0,0.0
28,Cổ tức và tiền lãi nhận được,0.0,1147467.0,2731572.0,107018908.0,2313073510.0,378020.0,124104.0,24104.0,0.0,0.0
29,Lưu chuyển tiền tệ từ hoạt động tài chính,0.0,17500000000.0,0.0,22648009250.0,-628971496.0,-303997439.0,4335979514.0,-3085978763.0,-1684754667.0,-65200000.0
30,Tiền thu từ phát hành cổ phiếu và vốn góp,0.0,17500000000.0,0.0,17500000000.0,1000000000.0,0.0,0.0,0.0,0.0,0.0
31,"Chi trả cho việc mua lại, trả lại cổ phiếu",0.0,0.0,0.0,0.0,-1000000000.0,0.0,0.0,0.0,0.0,0.0
32,Tiền thu được các khoản đi vay,4900000000.0,0.0,0.0,12140715076.0,6830366914.0,6860040315.0,17163651893.0,6035640000.0,1031060000.0,114800000.0
33,Tiển trả các khoản đi vay,-4900000000.0,0.0,0.0,-6992705826.0,-7459338410.0,-7164037754.0,-12827672379.0,-9121618763.0,-2715740000.0,-180000000.0
34,Tiền thanh toán vốn gốc đi thuê tài chính,0.0,0.0,0.0,0.0,0.0,0.0,0.0,0.0,0.0,0.0
35,Cổ tức đã trả,0.0,0.0,0.0,0.0,0.0,0.0,0.0,0.0,-74667.0,0.0
37,Lưu chuyển tiền thuần trong kỳ,-997775270.0,1121624243.0,-930504440.0,11344623440.0,-11803717097.0,-142326207.0,302693802.0,2356544136.0,-362389233.0,2861429574.0
38,Tiền và tương đương tiền đầu kỳ,2152126680.0,1154351410.0,2275975653.0,1345471213.0,12690094653.0,886377556.0,744051349.0,1046745151.0,3403289287.0,3003764054.0
39,Ảnh hưởng của chênh lệch tỷ giá,0.0,0.0,0.0,0.0,0.0,0.0,0.0,0.0,0.0,0.0
40,Tiền và tương đương tiền cuối kỳ,1154351410.0,2275975653.0,1345471213.0,12690094653.0,886377556.0,744051349.0,1046745151.0,3403289287.0,3040900054.0,5865193628.0
