,Unnamed: 0,2013,2014,2015,2016,2017,2018,2019,2020,2021,2022
0,Lưu chuyển tiền thuần từ các hoạt động sản xuất kinh doanh,-20353899160.0,15262885883.0,-63905740719.0,-16285007850.0,240507590169.0,-394653539320.0,81986274253.0,-65895000379.0,-214644015609.0,-26780931196.0
1,Lãi/lỗ trước những thay đổi vốn lưu động,31244059346.0,-13689138867.0,-8920439563.0,-6976357763.0,68601535560.0,86274557331.0,33637797638.0,77899853875.0,296879146750.0,129207457399.0
2,Lãi trước thuế,46044593025.0,1039345481.0,10243823222.0,-3093993757.0,76115864737.0,61921976413.0,40578542045.0,80009639380.0,271004041938.0,138233523578.0
3,Khấu hao TSCĐ,236803717.0,153736060.0,153736060.0,119188561.0,113073993.0,763375795.0,4711924847.0,6062238767.0,7256649707.0,4489862489.0
5,Chi phí dự phòng,-3904489900.0,-849490000.0,8223182966.0,65345000.0,-93350000.0,-6626765666.0,-1269310000.0,-261380000.0,-2218996300.0,-43370334784.0
6,Lãi/(lỗ) chênh lệch tỷ giá chưa thực hiện,0.0,0.0,1855226.0,0.0,0.0,0.0,0.0,0.0,0.0,0.0
7,Lãi/(lỗ) từ thanh lý tài sản cố định,0.0,0.0,0.0,0.0,0.0,0.0,0.0,0.0,0.0,0.0
8,Lãi/(lỗ) từ hoạt động đầu tư,-11161934669.0,-14848711891.0,-27604617276.0,-4954015466.0,-8581522815.0,28375040693.0,-20649976578.0,-27914981589.0,-14041204020.0,-24855076607.0
9,Chi phí lãi vay,29087173.0,815981483.0,61580239.0,887117899.0,1047469645.0,1840930096.0,10266617324.0,20004337317.0,34878655425.0,54709482723.0
10,Thu lãi và cổ tức,0.0,0.0,0.0,0.0,0.0,0.0,0.0,0.0,0.0,0.0
11,Các khoản điều chỉnh khác,0.0,0.0,0.0,0.0,0.0,0.0,0.0,0.0,0.0,0.0
12,(Tăng)/giảm các khoản phải thu,-64425137652.0,-36134831177.0,-100808400687.0,-81258771807.0,-89193986345.0,-218210577216.0,-126453167838.0,173737051420.0,-128469311037.0,-95866511366.0
13,(Tăng)/giảm hàng tồn kho,-9592476621.0,-3628991269.0,10293852496.0,1184191017.0,-200600130992.0,-307132628177.0,-405977056625.0,-583864826703.0,108731562491.0,340432327339.0
14,Tăng/(giảm) các khoản phải trả,-24123788712.0,69334568071.0,33556035530.0,60577549328.0,494198255461.0,57479149143.0,693696126358.0,314837565078.0,-480342946563.0,-340926991230.0
15,( Tăng)/giảm chi phí trả trước,-219874291.0,582547360.0,-21611091.0,-79550890.0,-24574204051.0,1035247560.0,-71728212451.0,-14827004351.0,35792627424.0,12427950798.0
16,(Tăng)/giảm chứng khoán kinh doanh,0.0,0.0,2056402835.0,11405500000.0,-124724690.0,125222104.0,5350130.0,5335552.0,-485949824.0,0.0
17,Chi phí lãi vay đã trả,-29087173.0,-815981483.0,-61580239.0,-694451232.0,-1092949109.0,-1543676291.0,-8533846111.0,-7852383874.0,-14714779006.0,-26082738741.0
18,Thuế thu nhập doanh nghiệp đã trả,-90258739.0,-58120170.0,0.0,-373316653.0,-6768624251.0,-12743716793.0,-32805656364.0,-25830033876.0,-32047149135.0,-45972425395.0
19,Tiền thu khác từ các hoạt động kinh doanh,48142402500.0,0.0,0.0,0.0,93132222.0,62883019.0,219673566.0,0.0,12783291.0,0.0
20,Tiền chi khác từ các hoạt động kinh doanh,-1259737818.0,-327166582.0,0.0,-69799850.0,-30713636.0,0.0,-74734050.0,-557500.0,0.0,0.0
21,Lưu chuyển tiền tệ ròng từ hoạt động đầu tư,-21652458330.0,-14098109137.0,5350996045.0,-122970443141.0,-35873381887.0,-38568466810.0,-152890295791.0,24674170837.0,-27048977582.0,-192455916232.0
22,Tiền mua tài sản cố định và các tài sản dài hạn khác,-17594781638.0,-45134852683.0,-30398346779.0,-116487146469.0,-959465897.0,-4344587271.0,-16015841707.0,-1091187693.0,-91097500.0,-5108903708.0
23,Tiền thu được từ thanh lý tài sản cố định,0.0,0.0,0.0,163636364.0,72000000.0,0.0,45454545.0,402300000.0,0.0,0.0
24,Tiền cho vay hoặc mua công cụ nợ,-71462469679.0,-16500000000.0,-30350000000.0,-13500000000.0,-85800000000.0,-64031334019.0,-374910968201.0,-301436251294.0,-207576258662.0,-241500000000.0
25,Tiền thu từ cho vay hoặc thu từ phát hành công cụ nợ,79200704306.0,43381964711.0,10000000000.0,7000000000.0,43500000000.0,0.0,222405000000.0,298668792352.0,160597871040.0,31279910869.0
26,Đầu tư vào các doanh nghiệp khác,-27987477778.0,0.0,0.0,-4000000000.0,0.0,0.0,-8000000.0,-7000000.0,-3000000.0,-3482000000.0
27,Tiền thu từ việc bán các khoản đầu tư vào các doanh nghiệp khác,11147500000.0,2000000000.0,53137214065.0,0.0,0.0,23308703000.0,1655777546.0,0.0,0.0,0.0
28,Cổ tức và tiền lãi nhận được,5044066459.0,2154778835.0,2962128759.0,3853066964.0,7314084010.0,6498751480.0,13938282026.0,28137517472.0,20023507540.0,26355076607.0
29,Lưu chuyển tiền tệ từ hoạt động tài chính,9500000000.0,5500000000.0,101665256081.0,92642873132.0,-4065608675.0,285694157345.0,78492555201.0,139044496802.0,138317147376.0,218205765444.0
30,Tiền thu từ phát hành cổ phiếu và vốn góp,0.0,0.0,97648181818.0,0.0,0.0,0.0,0.0,0.0,117100100000.0,0.0
31,"Chi trả cho việc mua lại, trả lại cổ phiếu",0.0,0.0,-9481291820.0,0.0,0.0,0.0,0.0,0.0,0.0,0.0
32,Tiền thu được các khoản đi vay,14631097600.0,33531901204.0,21338366083.0,169134281974.0,68709968349.0,617328158708.0,1162046421254.0,706797759181.0,661625730090.0,348573194030.0
33,Tiển trả các khoản đi vay,-5131097600.0,-28031901204.0,-7840000000.0,-76491408842.0,-72775577024.0,-331634001363.0,-1083553866053.0,-557700115979.0,-629892833114.0,-130353064586.0
34,Tiền thanh toán vốn gốc đi thuê tài chính,0.0,0.0,0.0,0.0,0.0,0.0,0.0,0.0,0.0,0.0
35,Cổ tức đã trả,0.0,0.0,0.0,0.0,0.0,0.0,0.0,-10053146400.0,-10515849600.0,-14364000.0
36,Tiền lãi đã nhận,0.0,0.0,0.0,0.0,0.0,0.0,0.0,0.0,0.0,0.0
37,Lưu chuyển tiền thuần trong kỳ,-32506357490.0,6664776746.0,43110511407.0,-46612577859.0,200568599607.0,-147527848785.0,7588533663.0,97823667260.0,-103375845815.0,-1031081984.0
38,Tiền và tương đương tiền đầu kỳ,39410911320.0,6904553830.0,13569330576.0,56679841983.0,10067264124.0,210635863731.0,63108014946.0,70696548609.0,168520215869.0,65144370054.0
39,Ảnh hưởng của chênh lệch tỷ giá,0.0,0.0,0.0,0.0,0.0,0.0,0.0,0.0,0.0,0.0
40,Tiền và tương đương tiền cuối kỳ,6904553830.0,13569330576.0,56679841983.0,10067264124.0,210635863731.0,63108014946.0,70696548609.0,168520215869.0,65144370054.0,64113288070.0
