,Unnamed: 0,2013,2014,2015,2016,2017,2018,2019,2020,2021,2022
0,Lưu chuyển tiền thuần từ các hoạt động sản xuất kinh doanh,65082522.0,26334009.0,-53770161044.0,20238268263.0,-1497860320.0,48198401535.0,72276121742.0,42229622830.0,-192622282943.0,85207571062.0
1,Lãi/lỗ trước những thay đổi vốn lưu động,-144438919.0,1380110101.0,3712244704.0,27426946612.0,33514979944.0,55198942149.0,15328719031.0,14484868198.0,3413940196.0,79522189809.0
2,Lãi trước thuế,-159090181.0,1380110101.0,7470286507.0,39557938747.0,40722991138.0,44206030697.0,8402217638.0,9751356799.0,60728988898.0,61822595727.0
3,Khấu hao TSCĐ,14651262.0,0.0,59105606.0,236422428.0,619824819.0,4849603507.0,9571818196.0,10826561791.0,-17285262167.0,11356987259.0
4,Phân bổ lợi thế thương mại,0.0,0.0,0.0,0.0,0.0,0.0,0.0,0.0,0.0,0.0
5,Chi phí dự phòng,0.0,0.0,12537164.0,368866549.0,116063849.0,-497467562.0,123250000.0,156094448.0,559510186.0,0.0
6,Lãi/(lỗ) chênh lệch tỷ giá chưa thực hiện,0.0,0.0,0.0,0.0,0.0,0.0,0.0,0.0,-389400000.0,0.0
8,Lãi/(lỗ) từ hoạt động đầu tư,0.0,0.0,-3938396319.0,-12799280354.0,-8720000000.0,5547244120.0,-4989902905.0,-9148624095.0,-43848161443.0,0.0
9,Chi phí lãi vay,0.0,0.0,108711746.0,62999242.0,776100138.0,1093531387.0,2221336102.0,2899479255.0,3648264722.0,6342606823.0
11,Các khoản điều chỉnh khác,0.0,0.0,0.0,0.0,0.0,0.0,0.0,0.0,0.0,0.0
12,(Tăng)/giảm các khoản phải thu,138382103.0,-1348797298.0,-56924632218.0,-5454177328.0,6903010436.0,-40394787964.0,35369309958.0,53211539924.0,-262872858161.0,57196703916.0
13,(Tăng)/giảm hàng tồn kho,-11025000.0,0.0,11025000.0,0.0,-19459997933.0,19327670031.0,-7862308155.0,-27903762613.0,11996703951.0,8883672793.0
14,Tăng/(giảm) các khoản phải trả,413466.0,-4978794.0,76975141.0,2076758464.0,-16214491514.0,24642434631.0,44166954204.0,6663379284.0,62289303850.0,-45330635905.0
15,( Tăng)/giảm chi phí trả trước,81750872.0,0.0,-282549927.0,-1377923420.0,1493329986.0,-25860320.0,-921465438.0,844282583.0,-1479800046.0,819853212.0
16,(Tăng)/giảm chứng khoán kinh doanh,0.0,0.0,0.0,0.0,0.0,0.0,0.0,0.0,0.0,0.0
17,Chi phí lãi vay đã trả,0.0,0.0,-107552051.0,-64158937.0,-366837300.0,-981048041.0,-2420106544.0,-1989905380.0,-977730785.0,-1734552715.0
18,Thuế thu nhập doanh nghiệp đã trả,0.0,0.0,-255671693.0,-2369177128.0,-7367853939.0,-9049463774.0,-11340152860.0,-3080779166.0,-4991841948.0,-14149660048.0
19,Tiền thu khác từ các hoạt động kinh doanh,0.0,0.0,0.0,0.0,0.0,0.0,-44828454.0,0.0,0.0,0.0
20,Tiền chi khác từ các hoạt động kinh doanh,0.0,0.0,0.0,0.0,0.0,-519485177.0,0.0,0.0,0.0,0.0
21,Lưu chuyển tiền tệ ròng từ hoạt động đầu tư,-16454545.0,-19000000000.0,-74851199101.0,-21980423365.0,27945890634.0,-64891616393.0,-163275227741.0,-58546862399.0,-211347418273.0,-146985837094.0
22,Tiền mua tài sản cố định và các tài sản dài hạn khác,-16454545.0,0.0,-1418534545.0,0.0,0.0,-889372273.0,-8084494319.0,-6417028770.0,1674867061.0,-37762582180.0
23,Tiền thu được từ thanh lý tài sản cố định,0.0,0.0,0.0,0.0,0.0,0.0,0.0,190909091.0,0.0,0.0
24,Tiền cho vay hoặc mua công cụ nợ,0.0,0.0,-6091984000.0,-63480433000.0,-17673285555.0,0.0,-22000000000.0,-1626397260.0,-64200000000.0,-122000000000.0
25,Tiền thu từ cho vay hoặc thu từ phát hành công cụ nợ,0.0,0.0,0.0,45265000000.0,32934785555.0,0.0,2000000000.0,1430000000.0,27750000000.0,0.0
26,Đầu tư vào các doanh nghiệp khác,0.0,-19000000000.0,-69230000000.0,-63475000000.0,-62978490788.0,-85700000000.0,-184230570017.0,-251598343866.0,-360238381605.0,0.0
27,Tiền thu từ việc bán các khoản đầu tư vào các doanh nghiệp khác,0.0,0.0,1800000000.0,59300000000.0,73997995867.0,21625000000.0,48250000000.0,199100966537.0,179367194017.0,20100000000.0
28,Cổ tức và tiền lãi nhận được,0.0,0.0,89319444.0,410009635.0,1664885555.0,72755880.0,789836595.0,373031869.0,4298902254.0,-7323254914.0
29,Lưu chuyển tiền tệ từ hoạt động tài chính,0.0,0.0,130870860000.0,-316560000.0,6775790000.0,-4292574000.0,84290275884.0,17375627561.0,460426976110.0,4971644909.0
30,Tiền thu từ phát hành cổ phiếu và vốn góp,0.0,0.0,130000000000.0,0.0,0.0,0.0,99768900000.0,0.0,384883445855.0,0.0
31,"Chi trả cho việc mua lại, trả lại cổ phiếu",0.0,0.0,0.0,0.0,0.0,0.0,0.0,0.0,0.0,-110000000.0
32,Tiền thu được các khoản đi vay,0.0,0.0,20150000000.0,0.0,27963907139.0,26650000000.0,8050000000.0,28288675000.0,133034400000.0,68922504839.0
33,Tiển trả các khoản đi vay,0.0,0.0,-19279140000.0,-316560000.0,-21188117139.0,-30722574000.0,-23528624116.0,-10699714103.0,-57277536405.0,-63627526606.0
34,Tiền thanh toán vốn gốc đi thuê tài chính,0.0,0.0,0.0,0.0,0.0,0.0,0.0,0.0,-213333340.0,-213333324.0
35,Cổ tức đã trả,0.0,0.0,0.0,0.0,0.0,-220000000.0,0.0,-213333336.0,0.0,0.0
37,Lưu chuyển tiền thuần trong kỳ,48627977.0,-18973665991.0,2249499855.0,-2058715102.0,33223820314.0,-20985788858.0,-6708830115.0,1058387992.0,56457274894.0,-56806621123.0
38,Tiền và tương đương tiền đầu kỳ,19793811554.0,19842439531.0,868773540.0,3118273395.0,1059558293.0,34283378607.0,13297589749.0,6588759634.0,7647146626.0,64104421520.0
39,Ảnh hưởng của chênh lệch tỷ giá,0.0,0.0,0.0,0.0,0.0,0.0,0.0,0.0,0.0,0.0
40,Tiền và tương đương tiền cuối kỳ,19842439531.0,868773540.0,3118273395.0,1059558293.0,34283378607.0,13297589749.0,6588759634.0,7647147626.0,64104421520.0,7297800397.0
