,Unnamed: 0,Q3 2020,Q4 2020,Q1 2021,Q2 2021,Q3 2021,Q4 2021,Q1 2022,Q2 2022,Q3 2022,Q4 2022
0,Lưu chuyển tiền thuần từ các hoạt động sản xuất kinh doanh,28524324074.0,120819547336.0,-92777658520.0,-85856983900.0,-446611655793.0,-221033272142.0,143965283107.0,-1048542886326.0,41676431896.0,-90669204758.0
1,Lãi/lỗ trước những thay đổi vốn lưu động,125880059251.0,219928698853.0,45624086767.0,215161958354.0,210140020011.0,28778328885.0,36795030111.0,-13210279027.0,7999194175.0,31314128072.0
2,Lãi trước thuế,95906191419.0,245863531174.0,40692488364.0,170795177596.0,211788829691.0,15585462445.0,1572576367.0,6137326582.0,2834593927.0,24791717246.0
3,Khấu hao TSCĐ,2488720285.0,2146202929.0,2268174904.0,2222160150.0,2041253702.0,2340708479.0,1935170746.0,3073584581.0,2420140267.0,2436042164.0
4,Phân bổ lợi thế thương mại,0.0,0.0,0.0,0.0,0.0,0.0,0.0,0.0,0.0,0.0
5,Chi phí dự phòng,-1300000000.0,1300000000.0,0.0,16381534217.0,17024030217.0,0.0,0.0,500000000.0,0.0,0.0
6,Lãi/(lỗ) chênh lệch tỷ giá chưa thực hiện,0.0,0.0,0.0,0.0,0.0,0.0,0.0,0.0,0.0,0.0
8,Lãi/(lỗ) từ hoạt động đầu tư,16792676760.0,-17388564463.0,0.0,-3563063909.0,-20714093599.0,-16012509859.0,0.0,-69243154439.0,-39096929229.0,-43045681841.0
9,Chi phí lãi vay,1579199539.0,-1579199539.0,2663423499.0,29326150300.0,0.0,26864667820.0,33287282998.0,46314964249.0,41848389210.0,47132050503.0
11,Các khoản điều chỉnh khác,0.0,0.0,0.0,0.0,0.0,0.0,0.0,7000000.0,-7000000.0,0.0
12,(Tăng)/giảm các khoản phải thu,-2396132119.0,94609521987.0,111767431933.0,-127353386034.0,-756060083206.0,396470586820.0,11702910310.0,-644949938970.0,88060403236.0,-39612115950.0
13,(Tăng)/giảm hàng tồn kho,909131115428.0,776338389424.0,-11303106219.0,128005945254.0,-22893089404.0,-77401926346.0,75289278756.0,-329604457991.0,-121762718625.0,-90490401388.0
14,Tăng/(giảm) các khoản phải trả,-976330830762.0,-1102988433978.0,-235644534172.0,-217854922776.0,96313889609.0,-384915275514.0,89659398587.0,13934769694.0,64496701267.0,5737422528.0
15,( Tăng)/giảm chi phí trả trước,-36915843944.0,113886260537.0,567688070.0,17260018675.0,-18288841455.0,-92853249467.0,0.0,-8850383691.0,8850383691.0,0.0
16,(Tăng)/giảm chứng khoán kinh doanh,0.0,0.0,0.0,0.0,0.0,0.0,0.0,0.0,0.0,0.0
17,Chi phí lãi vay đã trả,10215978882.0,65545110525.0,0.0,-50781932546.0,37657658777.0,-26916521061.0,0.0,-53884465124.0,-23991124621.0,26062657543.0
18,Thuế thu nhập doanh nghiệp đã trả,-17500000002.0,-46500000012.0,-3789224899.0,-26348334255.0,-17427540697.0,-64195215459.0,-69481334657.0,5088481414.0,956980142.0,-23680895563.0
19,Tiền thu khác từ các hoạt động kinh doanh,0.0,0.0,0.0,0.0,0.0,0.0,0.0,0.0,0.0,0.0
20,Tiền chi khác từ các hoạt động kinh doanh,16439977340.0,0.0,0.0,-23946330572.0,23946330572.0,0.0,0.0,-17066612631.0,17066612631.0,0.0
21,Lưu chuyển tiền tệ ròng từ hoạt động đầu tư,-24001325249.0,6972187294.0,-1261522010.0,-411131648544.0,409974136429.0,15351574274.0,-1273719789620.0,308693576980.0,-118113148948.0,76158087674.0
22,Tiền mua tài sản cố định và các tài sản dài hạn khác,-24800481620.0,31624241872.0,-1524507546.0,-3607556144.0,2689315235.0,-49547316912.0,0.0,-3612817090.0,2031907999.0,0.0
23,Tiền thu được từ thanh lý tài sản cố định,0.0,0.0,0.0,4090909.0,-4090909.0,5200000000.0,0.0,2300000000.0,-2300000000.0,0.0
24,Tiền cho vay hoặc mua công cụ nợ,-9500000000.0,-9500000000.0,0.0,-407300000000.0,407300000000.0,0.0,0.0,-1150800000000.0,1150800000000.0,0.0
25,Tiền thu từ cho vay hoặc thu từ phát hành công cụ nợ,9500000000.0,0.0,0.0,0.0,0.0,0.0,-141859894810.0,288708141828.0,-146848247018.0,0.0
26,Đầu tư vào các doanh nghiệp khác,0.0,-16150000000.0,0.0,0.0,0.0,0.0,-1150000000000.0,1150000000000.0,-1150000000000.0,0.0
27,Tiền thu từ việc bán các khoản đầu tư vào các doanh nghiệp khác,0.0,0.0,0.0,0.0,0.0,0.0,0.0,6105500000.0,-6105500000.0,0.0
28,Cổ tức và tiền lãi nhận được,799156371.0,997945422.0,262985536.0,-228183309.0,-11087897.0,59698891186.0,18140105190.0,15992752242.0,34308690071.0,76158087674.0
29,Lưu chuyển tiền tệ từ hoạt động tài chính,148315642320.0,-322614848628.0,103092061655.0,495422440331.0,25299815845.0,172222145068.0,1179843015500.0,692869183697.0,61281284860.0,8516077205.0
30,Tiền thu từ phát hành cổ phiếu và vốn góp,0.0,0.0,0.0,0.0,0.0,0.0,0.0,0.0,0.0,0.0
31,"Chi trả cho việc mua lại, trả lại cổ phiếu",0.0,-359522715837.0,0.0,0.0,0.0,0.0,0.0,0.0,0.0,0.0
32,Tiền thu được các khoản đi vay,272530279646.0,270570250000.0,142880000000.0,598815947100.0,118021733653.0,385273291746.0,1181743004500.0,758770685697.0,124533315440.0,80377984065.0
33,Tiển trả các khoản đi vay,-124214637326.0,-233662382791.0,-39787938345.0,-103393506769.0,-92721917808.0,-338250252278.0,-1899989000.0,-65901502000.0,-63252030580.0,-71861906860.0
34,Tiền thanh toán vốn gốc đi thuê tài chính,0.0,0.0,0.0,0.0,0.0,0.0,0.0,0.0,0.0,0.0
35,Cổ tức đã trả,0.0,0.0,0.0,0.0,0.0,125199105600.0,0.0,0.0,0.0,0.0
37,Lưu chuyển tiền thuần trong kỳ,152838641145.0,-194823113998.0,9052881125.0,-1566192113.0,-11337703519.0,-33459552800.0,50088508987.0,-46980125649.0,-15155432192.0,-5995039879.0
38,Tiền và tương đương tiền đầu kỳ,109485377246.0,262324018391.0,67500904393.0,76553785518.0,74987593405.0,63649889886.0,30190337086.0,80278846073.0,33298720424.0,18143288232.0
39,Ảnh hưởng của chênh lệch tỷ giá,0.0,0.0,0.0,0.0,0.0,0.0,0.0,0.0,0.0,0.0
40,Tiền và tương đương tiền cuối kỳ,262324018391.0,67500904393.0,76553785518.0,74987593405.0,63649889886.0,30190337086.0,80278846073.0,33298720424.0,18143288232.0,12148248353.0
