,Unnamed: 0,2014,2015,2016,2017,2018,2019,2020,2021,2022
0,Lưu chuyển tiền thuần từ các hoạt động sản xuất kinh doanh,4352918796.0,4193392571.0,-301062427.0,-8039311919.0,-2420939099.0,21291652242.0,24442843411.0,-205807050714.0,210721732576.0
1,Lãi/lỗ trước những thay đổi vốn lưu động,4649009794.0,5007327856.0,3611520462.0,4478588059.0,4429108191.0,8809118944.0,15799416346.0,26666363863.0,17027049286.0
2,Lãi trước thuế,3527290227.0,4018169349.0,29123281447.0,3424074027.0,2935545639.0,4133670813.0,7155090337.0,18916427436.0,8390586036.0
3,Khấu hao TSCĐ,1291357432.0,1374461948.0,1931068054.0,2305657267.0,1878802074.0,2911154897.0,4794763953.0,4561651976.0,4810308264.0
4,Phân bổ lợi thế thương mại,0.0,0.0,0.0,0.0,0.0,0.0,0.0,0.0,0.0
5,Chi phí dự phòng,52998417.0,65299284.0,0.0,134482448.0,226688564.0,363790328.0,11474660.0,-9848936.0,3166326444.0
6,Lãi/(lỗ) chênh lệch tỷ giá chưa thực hiện,0.0,0.0,0.0,0.0,0.0,0.0,0.0,0.0,0.0
8,Lãi/(lỗ) từ hoạt động đầu tư,-222636282.0,-450602725.0,-27628338696.0,-1580131260.0,-1014137271.0,-306208112.0,-544659486.0,-226995722.0,-21583265980.0
9,Chi phí lãi vay,0.0,0.0,185509657.0,194505577.0,402209185.0,1706711018.0,4382746882.0,3425129109.0,22243094522.0
11,Các khoản điều chỉnh khác,0.0,0.0,0.0,0.0,0.0,0.0,0.0,0.0,0.0
12,(Tăng)/giảm các khoản phải thu,-290069062.0,-1551311940.0,-2188812964.0,-498574441.0,-5119203100.0,6665912282.0,8693471467.0,-230165906271.0,228518950349.0
13,(Tăng)/giảm hàng tồn kho,-1382097342.0,-728050134.0,-6466480012.0,4680384252.0,-6988394974.0,2958817615.0,7883230855.0,1122352802.0,351388429.0
14,Tăng/(giảm) các khoản phải trả,1108722474.0,1550644747.0,11500310283.0,-11016381695.0,6617423709.0,6200950676.0,-4460433390.0,-4110879032.0,2940762.0
15,( Tăng)/giảm chi phí trả trước,54411932.0,147417542.0,-733208284.0,619522677.0,-306757171.0,-1175732026.0,2211312543.0,157947314.0,-185143344.0
16,(Tăng)/giảm chứng khoán kinh doanh,0.0,10000000.0,-5000000000.0,-15000000.0,0.0,0.0,0.0,5015000000.0,-9880932225.0
17,Chi phí lãi vay đã trả,0.0,0.0,-185509657.0,-194505577.0,-402209185.0,-1665286360.0,-4424171540.0,-2949409493.0,-22734930138.0
18,Thuế thu nhập doanh nghiệp đã trả,0.0,0.0,-446082255.0,-6061345194.0,-630906569.0,-502128889.0,-1259982870.0,-1574386897.0,-2362590543.0
19,Tiền thu khác từ các hoạt động kinh doanh,466060000.0,0.0,0.0,0.0,0.0,0.0,0.0,70867000.0,69000000.0
20,Tiền chi khác từ các hoạt động kinh doanh,-253119000.0,-242635500.0,-392800000.0,-32000000.0,-20000000.0,0.0,0.0,-39000000.0,-84000000.0
21,Lưu chuyển tiền tệ ròng từ hoạt động đầu tư,-2441317088.0,-4864831706.0,-1062504179.0,22715485754.0,-26820108467.0,-57923570457.0,-7302860099.0,-4348731544.0,20937537563.0
22,Tiền mua tài sản cố định và các tài sản dài hạn khác,-1546363691.0,-517762202.0,-8121590642.0,-4201342017.0,-31942551954.0,-58919102479.0,-11465649830.0,-4575727266.0,-598061750.0
23,Tiền thu được từ thanh lý tài sản cố định,0.0,0.0,28478318182.0,5000000.0,0.0,0.0,3999090909.0,0.0,0.0
24,Tiền cho vay hoặc mua công cụ nợ,-3350000000.0,-10200000000.0,-30200000000.0,29850000000.0,0.0,0.0,0.0,0.0,0.0
25,Tiền thu từ cho vay hoặc thu từ phát hành công cụ nợ,2300000000.0,5550000000.0,8200000000.0,-4800000000.0,4150000000.0,534932450.0,0.0,0.0,0.0
26,Đầu tư vào các doanh nghiệp khác,0.0,0.0,0.0,0.0,0.0,0.0,0.0,0.0,0.0
27,Tiền thu từ việc bán các khoản đầu tư vào các doanh nghiệp khác,0.0,0.0,0.0,0.0,0.0,0.0,0.0,0.0,0.0
28,Cổ tức và tiền lãi nhận được,155046603.0,302930496.0,580768281.0,1861827771.0,972443487.0,460599572.0,163698822.0,226995722.0,21535599313.0
29,Lưu chuyển tiền tệ từ hoạt động tài chính,-1600000000.0,-6455250.0,1259336880.0,536008550.0,29738498221.0,24009380924.0,-14825269175.0,207000000000.0,-222500000000.0
30,Tiền thu từ phát hành cổ phiếu và vốn góp,0.0,0.0,0.0,0.0,0.0,0.0,0.0,0.0,0.0
31,"Chi trả cho việc mua lại, trả lại cổ phiếu",0.0,0.0,0.0,0.0,0.0,0.0,0.0,0.0,0.0
32,Tiền thu được các khoản đi vay,0.0,0.0,13912871226.0,11182070770.0,40968773809.0,58394246104.0,14012865525.0,216000000000.0,14970000000.0
33,Tiển trả các khoản đi vay,0.0,0.0,-12380465246.0,-10646062220.0,-10727142588.0,-34383155180.0,-28834002200.0,-9000000000.0,-237470000000.0
34,Tiền thanh toán vốn gốc đi thuê tài chính,0.0,0.0,0.0,0.0,0.0,0.0,0.0,0.0,0.0
35,Cổ tức đã trả,-1600000000.0,-6455250.0,-273069100.0,0.0,-503133000.0,-1710000.0,-4132500.0,0.0,0.0
37,Lưu chuyển tiền thuần trong kỳ,311601708.0,-677894385.0,-104229726.0,15212182385.0,497450655.0,-12622537291.0,2314714137.0,-3155782258.0,9159270139.0
38,Tiền và tương đương tiền đầu kỳ,1552084958.0,1863686666.0,1185792281.0,1081562555.0,16293744940.0,16791195595.0,4168658304.0,6483372441.0,3327590183.0
39,Ảnh hưởng của chênh lệch tỷ giá,0.0,0.0,0.0,0.0,0.0,0.0,0.0,0.0,0.0
40,Tiền và tương đương tiền cuối kỳ,1863686666.0,1185792281.0,1081562555.0,16293744940.0,16791195595.0,4168658304.0,6483372441.0,3327590183.0,12486860322.0
