,Unnamed: 0,Q3 2020,Q4 2020,Q1 2021,Q2 2021,Q3 2021,Q4 2021,Q1 2022,Q2 2022,Q3 2022,Q4 2022
0,Lưu chuyển tiền thuần từ các hoạt động sản xuất kinh doanh,25870942205.0,60894265739.0,10358455090.0,82100207000.0,-9004121176.0,-84664564135.0,34949295341.0,-17496021550.0,-9835693193.0,26524503302.0
1,Lãi/lỗ trước những thay đổi vốn lưu động,14935863113.0,24068638094.0,14670711721.0,12520712744.0,2419474015.0,2183772119.0,2276033820.0,-11615964341.0,-911892715.0,-10090070722.0
2,Lãi trước thuế,12143919475.0,21912973538.0,12276503368.0,17940289243.0,1746269320.0,1384364931.0,714405997.0,-17038744435.0,515095122.0,-23390517504.0
3,Khấu hao TSCĐ,456956760.0,-333261471.0,521094111.0,533371933.0,527415086.0,538434666.0,545174241.0,554471116.0,-1332705557.0,2987141695.0
4,Phân bổ lợi thế thương mại,0.0,0.0,0.0,0.0,0.0,0.0,0.0,0.0,0.0,0.0
5,Chi phí dự phòng,232608796.0,0.0,207795721.0,-6735348352.0,-50407236.0,65077847.0,-207795721.0,2895874804.0,-65077847.0,6396020865.0
6,Lãi/(lỗ) chênh lệch tỷ giá chưa thực hiện,0.0,0.0,0.0,0.0,0.0,0.0,0.0,0.0,0.0,0.0
8,Lãi/(lỗ) từ hoạt động đầu tư,-9402740.0,-8142466.0,-7397260.0,-208109587.0,-485742463.0,-356021915.0,-303780822.0,-285917492.0,425841008.0,-1652043111.0
9,Chi phí lãi vay,2111780822.0,2497068493.0,1672715781.0,990509507.0,681939308.0,551916590.0,1528030125.0,2258351666.0,-455045441.0,5569327333.0
11,Các khoản điều chỉnh khác,0.0,0.0,0.0,0.0,0.0,0.0,0.0,0.0,0.0,0.0
12,(Tăng)/giảm các khoản phải thu,-57183663083.0,-39895842661.0,10213723155.0,90288992280.0,-3819928640.0,14713811640.0,28107575209.0,75421021075.0,-31363085452.0,18496731774.0
13,(Tăng)/giảm hàng tồn kho,4191068994.0,-6065692047.0,20251730377.0,-369463782.0,-1204831863.0,53376305516.0,-1451122172.0,-13546985370.0,-27215117259.0,76959730288.0
14,Tăng/(giảm) các khoản phải trả,67226757343.0,87799205203.0,-26299962323.0,-14633909636.0,-3264139628.0,-151890257273.0,14019762131.0,-67252155039.0,49378191046.0,-55321734948.0
15,( Tăng)/giảm chi phí trả trước,-251732107.0,-126704225.0,-85025462.0,-328510749.0,246621626.0,-418175683.0,-3433163522.0,3352114174.0,-158834254.0,433471552.0
16,(Tăng)/giảm chứng khoán kinh doanh,0.0,0.0,0.0,0.0,0.0,0.0,0.0,0.0,0.0,0.0
17,Chi phí lãi vay đã trả,-2983452055.0,-2497068493.0,-1672715781.0,-1350276670.0,-322172145.0,-551916590.0,-1528030125.0,-3552379063.0,455045441.0,-3914124642.0
18,Thuế thu nhập doanh nghiệp đã trả,0.0,-911870132.0,-4560406597.0,-2377725732.0,-3618505996.0,-349253864.0,0.0,-276872986.0,0.0,0.0
19,Tiền thu khác từ các hoạt động kinh doanh,0.0,0.0,0.0,0.0,0.0,0.0,0.0,0.0,0.0,0.0
20,Tiền chi khác từ các hoạt động kinh doanh,-63900000.0,-1476400000.0,-2159600000.0,-1649611455.0,559361455.0,-1728850000.0,-3041760000.0,-24800000.0,-20000000.0,-39500000.0
21,Lưu chuyển tiền tệ ròng từ hoạt động đầu tư,-190597260.0,-1675534807.0,-758921490.0,-191890413.0,447818463.0,-4010606538.0,-31920122418.0,3451309160.0,-333620220.0,-9080720041.0
22,Tiền mua tài sản cố định và các tài sản dài hạn khác,0.0,-1683677273.0,-766318750.0,-400000000.0,-37924000.0,-4366628453.0,-2223903240.0,-26834608332.0,92220788.0,-10764809824.0
23,Tiền thu được từ thanh lý tài sản cố định,0.0,0.0,0.0,0.0,0.0,0.0,0.0,0.0,0.0,1060000000.0
24,Tiền cho vay hoặc mua công cụ nợ,0.0,0.0,0.0,0.0,0.0,0.0,0.0,0.0,0.0,0.0
25,Tiền thu từ cho vay hoặc thu từ phát hành công cụ nợ,0.0,0.0,0.0,0.0,0.0,0.0,0.0,0.0,0.0,0.0
26,Đầu tư vào các doanh nghiệp khác,0.0,0.0,0.0,0.0,0.0,0.0,-30000000000.0,30000000000.0,0.0,0.0
27,Tiền thu từ việc bán các khoản đầu tư vào các doanh nghiệp khác,-200000000.0,0.0,0.0,0.0,0.0,0.0,0.0,0.0,0.0,0.0
28,Cổ tức và tiền lãi nhận được,9402740.0,8142466.0,7397260.0,208109587.0,485742463.0,356021915.0,303780822.0,285917492.0,-425841008.0,624089783.0
29,Lưu chuyển tiền tệ từ hoạt động tài chính,-36831828720.0,-52125722650.0,47532521183.0,-42208527855.0,-31375058860.0,88017799594.0,-15000855000.0,39287712685.0,-54923207320.0,-18157507018.0
30,Tiền thu từ phát hành cổ phiếu và vốn góp,0.0,0.0,50358105545.0,97361455.0,-229361455.0,0.0,0.0,0.0,0.0,0.0
31,"Chi trả cho việc mua lại, trả lại cổ phiếu",0.0,0.0,0.0,0.0,0.0,0.0,0.0,0.0,0.0,0.0
32,Tiền thu được các khoản đi vay,0.0,11992151830.0,62184119318.0,7697363110.0,0.0,157537903502.0,0.0,52061013475.0,0.0,42457189164.0
33,Tiển trả các khoản đi vay,-20000000000.0,-45000000000.0,-65000000000.0,-50000000000.0,0.0,-69176271148.0,-15000000000.0,-12697363110.0,-55000000000.0,-60537903502.0
34,Tiền thanh toán vốn gốc đi thuê tài chính,0.0,0.0,0.0,0.0,0.0,0.0,0.0,0.0,0.0,0.0
35,Cổ tức đã trả,-16831828720.0,-19117874480.0,-9703680.0,-3252420.0,-31145697405.0,-343832760.0,-855000.0,-75937680.0,76792680.0,-76792680.0
37,Lưu chuyển tiền thuần trong kỳ,-11151483775.0,7093008282.0,57132054783.0,39699788732.0,-39931361573.0,-657371079.0,-11971682077.0,25243000295.0,-65092520733.0,-713723757.0
38,Tiền và tương đương tiền đầu kỳ,19667103973.0,8515620198.0,15608628480.0,72740683263.0,112440471995.0,72509110422.0,71851739343.0,59880057266.0,85123057561.0,20030536828.0
39,Ảnh hưởng của chênh lệch tỷ giá,0.0,0.0,0.0,0.0,0.0,0.0,0.0,0.0,0.0,0.0
40,Tiền và tương đương tiền cuối kỳ,8515620198.0,15608628480.0,72740683263.0,112440471995.0,72509110422.0,71851739343.0,59880057266.0,85123057561.0,20030536828.0,19316813071.0
