,Unnamed: 0,2014,2015,2016,2017,2018,2019,2020,2021,2022
0,Lưu chuyển tiền thuần từ các hoạt động sản xuất kinh doanh,114193649560.0,68281793789.0,137634738351.0,122695065313.0,87045216395.0,181382472689.0,128467443864.0,88257020546.0,150038793905.0
1,Lãi/lỗ trước những thay đổi vốn lưu động,63274039526.0,80818523153.0,115554963421.0,143080702034.0,140772362063.0,141883975672.0,148100454444.0,152723273650.0,169017972671.0
2,Lãi trước thuế,39148131027.0,65212802124.0,97120319485.0,109579768041.0,93934537755.0,89182189675.0,76942195869.0,89907756865.0,99502448971.0
3,Khấu hao TSCĐ,25237363844.0,19564143332.0,21348951558.0,32930285006.0,45110732463.0,47470251388.0,55214150536.0,56071228917.0,58393974248.0
4,Phân bổ lợi thế thương mại,0.0,0.0,0.0,0.0,0.0,0.0,0.0,0.0,0.0
5,Chi phí dự phòng,1509722102.0,0.0,-29275018.0,-258273480.0,192586962.0,0.0,787289751.0,0.0,2586577698.0
6,Lãi/(lỗ) chênh lệch tỷ giá chưa thực hiện,0.0,0.0,0.0,0.0,0.0,0.0,0.0,0.0,0.0
8,Lãi/(lỗ) từ hoạt động đầu tư,-3649630919.0,-4854448515.0,-3747148537.0,-2834572410.0,-3839870359.0,-4352978061.0,1865458630.0,-5466524809.0,-4861780082.0
9,Chi phí lãi vay,1028453472.0,896026212.0,862115933.0,3663494877.0,5374375242.0,9584512670.0,13291359658.0,12210812677.0,13396751836.0
11,Các khoản điều chỉnh khác,0.0,0.0,0.0,0.0,0.0,0.0,0.0,0.0,0.0
12,(Tăng)/giảm các khoản phải thu,-1743385895.0,-3764243611.0,3748897099.0,-1193100516.0,10113431902.0,7667523735.0,-5307616550.0,-15353515163.0,21660598741.0
13,(Tăng)/giảm hàng tồn kho,-3394969276.0,-1279544545.0,4103329031.0,-1677061004.0,-14094462720.0,7378005752.0,-5847964984.0,17555171984.0,-2895860265.0
14,Tăng/(giảm) các khoản phải trả,59574642678.0,940737771.0,26954475612.0,-702246429.0,-38373077547.0,42745705433.0,13625721909.0,-64100580764.0,-9700422446.0
15,( Tăng)/giảm chi phí trả trước,-1426536767.0,2392784640.0,533257805.0,327702198.0,211404657.0,-1188710942.0,-764879285.0,605660556.0,1130295365.0
16,(Tăng)/giảm chứng khoán kinh doanh,0.0,0.0,0.0,0.0,0.0,0.0,0.0,0.0,0.0
17,Chi phí lãi vay đã trả,-1028453472.0,-896026212.0,-862115933.0,-3663494877.0,-4709666590.0,-9880297974.0,-13291359658.0,-11972650976.0,-13620663227.0
18,Thuế thu nhập doanh nghiệp đã trả,-1061687234.0,-5483214407.0,-5927036521.0,-7248829063.0,-7204230370.0,-6565817187.0,-6770027763.0,10423477259.0,-13971826934.0
19,Tiền thu khác từ các hoạt động kinh doanh,0.0,0.0,0.0,0.0,0.0,0.0,0.0,0.0,0.0
20,Tiền chi khác từ các hoạt động kinh doanh,0.0,-4447223000.0,-6471032163.0,-6228607030.0,329455000.0,-657911800.0,-1276884249.0,-1623816000.0,-1581300000.0
21,Lưu chuyển tiền tệ ròng từ hoạt động đầu tư,-50333661377.0,-57672423166.0,-109132494208.0,-182568076823.0,-80840205507.0,-120443726051.0,-68964009693.0,-46291762272.0,-38539618797.0
22,Tiền mua tài sản cố định và các tài sản dài hạn khác,-54423367896.0,-62526871681.0,-112879642745.0,-185402649233.0,-84680075866.0,-78670184981.0,-74418519959.0,-48635703747.0,-49523982213.0
23,Tiền thu được từ thanh lý tài sản cố định,0.0,510000000.0,0.0,0.0,306363636.0,0.0,0.0,0.0,0.0
24,Tiền cho vay hoặc mua công cụ nợ,0.0,0.0,0.0,0.0,0.0,-53500000000.0,-68000000000.0,0.0,-40000000000.0
25,Tiền thu từ cho vay hoặc thu từ phát hành công cụ nợ,0.0,0.0,0.0,0.0,0.0,10000000000.0,66500000000.0,0.0,43000000000.0
26,Đầu tư vào các doanh nghiệp khác,0.0,0.0,0.0,0.0,0.0,0.0,0.0,0.0,0.0
27,Tiền thu từ việc bán các khoản đầu tư vào các doanh nghiệp khác,440075600.0,0.0,0.0,0.0,0.0,0.0,0.0,0.0,0.0
28,Cổ tức và tiền lãi nhận được,3649630919.0,4344448515.0,3747148537.0,2834572410.0,3533506723.0,1726458930.0,6954510266.0,2343941475.0,7984363416.0
29,Lưu chuyển tiền tệ từ hoạt động tài chính,3656930867.0,-27313687039.0,-38921692922.0,78382941677.0,-34138242271.0,-69223444383.0,-33271161129.0,-32347550450.0,-49607016221.0
30,Tiền thu từ phát hành cổ phiếu và vốn góp,7916590000.0,0.0,0.0,0.0,0.0,0.0,0.0,0.0,0.0
31,"Chi trả cho việc mua lại, trả lại cổ phiếu",0.0,0.0,0.0,0.0,0.0,0.0,0.0,0.0,0.0
32,Tiền thu được các khoản đi vay,6126294000.0,0.0,0.0,83782220613.0,20328809798.0,30226114200.0,23985747185.0,29156312595.0,14952555000.0
33,Tiển trả các khoản đi vay,-686413133.0,-1559212039.0,-2948092922.0,-5284618936.0,-11987236669.0,-17205380389.0,-16718522790.0,-20709153424.0,-23807802657.0
34,Tiền thanh toán vốn gốc đi thuê tài chính,0.0,0.0,-35973600000.0,0.0,-2649715400.0,-2361188194.0,-697885524.0,-777209621.0,-786468564.0
35,Cổ tức đã trả,-9699540000.0,-25754475000.0,0.0,-114660000.0,-39830100000.0,-79882990000.0,-39840500000.0,-40017500000.0,-39965300000.0
37,Lưu chuyển tiền thuần trong kỳ,67516919050.0,-16704316416.0,-10419448779.0,18509930167.0,-27933231383.0,-8284697745.0,26232273042.0,9617707824.0,61892158887.0
38,Tiền và tương đương tiền đầu kỳ,44604424160.0,112121343210.0,95417026794.0,84997578015.0,103507508182.0,75574276799.0,67289579054.0,93521852096.0,103139559920.0
39,Ảnh hưởng của chênh lệch tỷ giá,0.0,0.0,0.0,0.0,0.0,0.0,0.0,0.0,0.0
40,Tiền và tương đương tiền cuối kỳ,112121343210.0,95417026794.0,84997578015.0,103507508182.0,75574276799.0,67289579054.0,93521852096.0,103139559920.0,165031718807.0
