,Unnamed: 0,Q3 2020,Q4 2020,Q1 2021,Q2 2021,Q3 2021,Q4 2021,Q1 2022,Q2 2022,Q3 2022,Q4 2022
0,Lưu chuyển tiền thuần từ các hoạt động sản xuất kinh doanh,38643559289.0,-28375580719.0,-24877218337.0,17358418618.0,-37998283481.0,75818574179.0,-2358529775.0,38753535933.0,54842080823.0,-9994615544.0
1,Lãi/lỗ trước những thay đổi vốn lưu động,20622169439.0,18740897431.0,20874872023.0,19155108996.0,12923826277.0,27648238050.0,5191496101.0,23993894594.0,27903483845.0,22241041774.0
2,Lãi trước thuế,9285852010.0,10182741273.0,8528316548.0,8388496727.0,2061269894.0,15464369442.0,-5554108808.0,13970443474.0,18832195328.0,10816206043.0
3,Khấu hao TSCĐ,11473055508.0,11599456989.0,12149642246.0,11266978371.0,11071869783.0,11066360068.0,10960985887.0,10632603618.0,9948788201.0,11774209967.0
4,Phân bổ lợi thế thương mại,0.0,0.0,0.0,0.0,0.0,0.0,0.0,0.0,0.0,0.0
5,Chi phí dự phòng,0.0,-973117581.0,0.0,984155761.0,137936581.0,1216338616.0,0.0,2622722.0,54774588.0,155579822.0
6,Lãi/(lỗ) chênh lệch tỷ giá chưa thực hiện,0.0,0.0,0.0,0.0,0.0,0.0,0.0,0.0,0.0,0.0
8,Lãi/(lỗ) từ hoạt động đầu tư,-928689777.0,-2913608486.0,-748466326.0,-2430760450.0,-1266567720.0,-993468311.0,-1174238750.0,-1560341305.0,-2013375558.0,-2123351886.0
9,Chi phí lãi vay,791951698.0,845425236.0,945379555.0,946238587.0,919317739.0,894638235.0,958857772.0,948566085.0,1081101286.0,1618397828.0
11,Các khoản điều chỉnh khác,0.0,0.0,0.0,0.0,0.0,0.0,0.0,0.0,0.0,0.0
12,(Tăng)/giảm các khoản phải thu,1973153970.0,-5362546653.0,423142677.0,-16137069205.0,-81845280652.0,89252657751.0,2542905154.0,6600802749.0,-2694091705.0,2093249934.0
13,(Tăng)/giảm hàng tồn kho,6247860042.0,-2896135684.0,-269644384.0,1327187646.0,373412979.0,2204321619.0,2755115831.0,220382236.0,-378492162.0,-8637271160.0
14,Tăng/(giảm) các khoản phải trả,19864620167.0,-35081423891.0,-39785396140.0,16971075525.0,27252490803.0,-32796689187.0,-9124992635.0,12396215655.0,24248270377.0,-38604148315.0
15,( Tăng)/giảm chi phí trả trước,-7090851379.0,3489456802.0,3449517125.0,464516808.0,7224963906.0,-3823752793.0,4310966472.0,-316401706.0,7402679788.0,26307914272.0
16,(Tăng)/giảm chứng khoán kinh doanh,0.0,0.0,0.0,0.0,0.0,0.0,0.0,0.0,0.0,0.0
17,Chi phí lãi vay đã trả,-848181400.0,-875420608.0,-1007716208.0,-959957483.0,-949148794.0,-921202261.0,-964163612.0,-963362409.0,-1096436320.0,-1605576049.0
18,Thuế thu nhập doanh nghiệp đã trả,0.0,-6284808116.0,-2875228430.0,0.0,0.0,-4300000000.0,-1337082086.0,0.0,0.0,-9600000000.0
19,Tiền thu khác từ các hoạt động kinh doanh,5220000.0,708000000.0,40000000.0,0.0,0.0,12240000.0,45000000.0,0.0,0.0,0.0
20,Tiền chi khác từ các hoạt động kinh doanh,-2130431550.0,-813600000.0,-5726765000.0,-3462443669.0,-2978548000.0,-1457239000.0,-5777775000.0,-3177995186.0,-543333000.0,-2189826000.0
21,Lưu chuyển tiền tệ ròng từ hoạt động đầu tư,-15607479396.0,-24803158142.0,2122075771.0,-12216578783.0,42132176659.0,845305787.0,-51045992530.0,-26664124701.0,-51059021778.0,-23908636798.0
22,Tiền mua tài sản cố định và các tài sản dài hạn khác,-6082868263.0,-15003589020.0,-6570183759.0,-2226951667.0,-3727557593.0,-15388798718.0,-5111575937.0,-6780314844.0,-27664490960.0,-25066043038.0
23,Tiền thu được từ thanh lý tài sản cố định,0.0,213636364.0,0.0,0.0,0.0,0.0,0.0,-6018519.0,71232272.0,0.0
24,Tiền cho vay hoặc mua công cụ nợ,-103860624733.0,-10659232343.0,-82833246826.0,-36386555025.0,43579499108.0,15191452025.0,-86425315845.0,-41829071342.0,-112075980778.0,-74143270467.0
25,Tiền thu từ cho vay hoặc thu từ phát hành công cụ nợ,17538692295.0,0.0,88860624733.0,25659232343.0,0.0,0.0,39253747718.0,21195103000.0,86425315845.0,74205996320.0
26,Đầu tư vào các doanh nghiệp khác,91200140684.0,0.0,0.0,0.0,0.0,0.0,0.0,0.0,0.0,0.0
27,Tiền thu từ việc bán các khoản đầu tư vào các doanh nghiệp khác,-17538692295.0,0.0,0.0,0.0,0.0,0.0,0.0,0.0,0.0,0.0
28,Cổ tức và tiền lãi nhận được,3135872916.0,646026857.0,2664881623.0,737695566.0,2280235144.0,1042652480.0,1237151534.0,756177004.0,2184901843.0,1094680387.0
29,Lưu chuyển tiền tệ từ hoạt động tài chính,3626392710.0,3825781601.0,1554046709.0,-2059950459.0,-5608942317.0,-4315420580.0,1352634949.0,353313102.0,3377634314.0,15020585335.0
30,Tiền thu từ phát hành cổ phiếu và vốn góp,0.0,0.0,0.0,0.0,0.0,0.0,0.0,0.0,0.0,0.0
31,"Chi trả cho việc mua lại, trả lại cổ phiếu",0.0,0.0,0.0,0.0,0.0,0.0,0.0,0.0,0.0,0.0
32,Tiền thu được các khoản đi vay,3108940431.0,9607582311.0,3450000000.0,0.0,3661565183.0,6150094350.0,3539251449.0,2515552602.0,21038334384.0,17642392487.0
33,Tiển trả các khoản đi vay,6923600000.0,1384720000.0,-1970720000.0,-1970720000.0,-2121720000.0,-2121720000.0,-2156720000.0,-2156720000.0,-2235320000.0,-2584020000.0
34,Tiền thanh toán vốn gốc đi thuê tài chính,0.0,0.0,0.0,0.0,0.0,0.0,0.0,0.0,0.0,0.0
35,Cổ tức đã trả,-6406147721.0,-7166520710.0,74766709.0,-89230459.0,-7148787500.0,-8343794930.0,-29896500.0,-5519500.0,-15425380070.0,-37787152.0
37,Lưu chuyển tiền thuần trong kỳ,26662472603.0,-49352957260.0,-21201095857.0,3081889376.0,-1475049139.0,72348459386.0,-52051887356.0,12442724334.0,7160693359.0,-18882667007.0
38,Tiền và tương đương tiền đầu kỳ,49176083731.0,75838556334.0,26485599074.0,5284503217.0,8366392593.0,6891343454.0,79239802840.0,27187915484.0,39630639818.0,46791333177.0
39,Ảnh hưởng của chênh lệch tỷ giá,0.0,0.0,0.0,0.0,0.0,0.0,0.0,0.0,0.0,0.0
40,Tiền và tương đương tiền cuối kỳ,75838556334.0,26485599074.0,5284503217.0,8366392593.0,6891343454.0,79239802840.0,27187915484.0,39630639818.0,46791333177.0,27908666170.0
