,Unnamed: 0,Q3 2020,Q4 2020,Q1 2021,Q2 2021,Q3 2021,Q4 2021,Q1 2022,Q2 2022,Q3 2022,Q4 2022
0,Lưu chuyển tiền thuần từ các hoạt động sản xuất kinh doanh,-787761114.0,30923047605.0,16152713414.0,-1650151725.0,106622558756.0,233801771291.0,-14021715213.0,26032919266.0,-52952925124.0,130033775181.0
1,Lãi/lỗ trước những thay đổi vốn lưu động,50621607054.0,91746635464.0,114833078561.0,75822084558.0,46617460094.0,45291929727.0,118184976972.0,140027136382.0,113757918384.0,91175939394.0
2,Lãi trước thuế,11797569364.0,13542570910.0,30087823433.0,16008423926.0,-6810980030.0,-32210126133.0,29496856516.0,31337088030.0,40759761222.0,21264233423.0
3,Khấu hao TSCĐ,9281142633.0,30807080724.0,29523954435.0,32005078919.0,13050309182.0,36748554433.0,36874726434.0,36786736812.0,37210712680.0,35705087456.0
4,Phân bổ lợi thế thương mại,0.0,0.0,0.0,0.0,0.0,0.0,0.0,0.0,0.0,0.0
5,Chi phí dự phòng,25116380748.0,-16589784034.0,27418629257.0,-21881445103.0,29321287085.0,-9429631202.0,6193551893.0,6564364965.0,5153819213.0,-14530202552.0
6,Lãi/(lỗ) chênh lệch tỷ giá chưa thực hiện,0.0,0.0,0.0,0.0,0.0,0.0,0.0,0.0,0.0,0.0
8,Lãi/(lỗ) từ hoạt động đầu tư,-38861870454.0,17250516145.0,-13148919734.0,8852023466.0,-3192121219.0,-7126681251.0,-281830695.0,-185702953.0,-46593218.0,-111735961.0
9,Chi phí lãi vay,43288384763.0,46736251719.0,40951591169.0,40838003350.0,14248965077.0,57309813880.0,45901672824.0,65524649528.0,30680218487.0,48848557028.0
11,Các khoản điều chỉnh khác,0.0,0.0,1.0,0.0,-1.0,0.0,0.0,0.0,0.0,0.0
12,(Tăng)/giảm các khoản phải thu,-86467494268.0,65510510743.0,-27791023602.0,-28889281274.0,27991740045.0,151801127179.0,-87369363699.0,33523108552.0,-110423594923.0,86123256050.0
13,(Tăng)/giảm hàng tồn kho,107850246549.0,31666959296.0,3684214839.0,-2335543385.0,8626102336.0,72416125496.0,-18476454101.0,1702014650.0,-10699910465.0,-4534762846.0
14,Tăng/(giảm) các khoản phải trả,-128056135807.0,-81811792769.0,-54844361905.0,20961290893.0,20374165144.0,57876346598.0,14414362842.0,-79409312852.0,-14763444516.0,5319503437.0
15,( Tăng)/giảm chi phí trả trước,109378431097.0,-18988700062.0,23717667665.0,-23780117315.0,22705771828.0,-31737258383.0,7295046972.0,-7959197798.0,5306947334.0,5876357559.0
16,(Tăng)/giảm chứng khoán kinh doanh,0.0,0.0,0.0,0.0,0.0,0.0,0.0,0.0,0.0,0.0
17,Chi phí lãi vay đã trả,-54083057908.0,-46736251719.0,-40951591169.0,-35125116579.0,-19961851848.0,-57309813880.0,-45901672824.0,-58050141148.0,-38154726867.0,-48848557028.0
18,Thuế thu nhập doanh nghiệp đã trả,-549238997.0,-10725869001.0,-2479173494.0,-2246877219.0,561720169.0,-949062140.0,-2052413894.0,-52079304.0,-1460522258.0,-4976461384.0
19,Tiền thu khác từ các hoạt động kinh doanh,0.0,0.0,0.0,0.0,0.0,0.0,0.0,868660050.0,-868660050.0,0.0
20,Tiền chi khác từ các hoạt động kinh doanh,517881166.0,261555653.0,-16097481.0,-6056591404.0,-292549012.0,-3587623306.0,-116197481.0,-4617269266.0,4353068237.0,-101500001.0
21,Lưu chuyển tiền tệ ròng từ hoạt động đầu tư,-32984811277.0,-13888080667.0,-111024665974.0,-32951175083.0,-156743019257.0,-134564681989.0,-22971449841.0,-57521138497.0,1546593198.0,-68536167834.0
22,Tiền mua tài sản cố định và các tài sản dài hạn khác,-72701764460.0,-27099084237.0,-117343936098.0,-37822659257.0,-151403888930.0,-140606650122.0,-23253280536.0,-55206841450.0,-1000000020.0,-68647903795.0
23,Tiền thu được từ thanh lý tài sản cố định,31316602444.0,0.0,0.0,2571200000.0,0.0,0.0,0.0,0.0,0.0,0.0
24,Tiền cho vay hoặc mua công cụ nợ,0.0,0.0,-9811176883.0,9811176883.0,-9654085000.0,0.0,0.0,-2500000000.0,2500000000.0,0.0
25,Tiền thu từ cho vay hoặc thu từ phát hành công cụ nợ,0.0,0.0,5500000000.0,0.0,0.0,0.0,0.0,0.0,0.0,0.0
26,Đầu tư vào các doanh nghiệp khác,0.0,0.0,0.0,0.0,0.0,0.0,0.0,0.0,0.0,0.0
27,Tiền thu từ việc bán các khoản đầu tư vào các doanh nghiệp khác,0.0,0.0,0.0,0.0,0.0,0.0,0.0,0.0,0.0,0.0
28,Cổ tức và tiền lãi nhận được,8400350739.0,13211003570.0,10630447007.0,-7510892709.0,4314954673.0,6041968133.0,281830695.0,185702953.0,46593218.0,111735961.0
29,Lưu chuyển tiền tệ từ hoạt động tài chính,84050250332.0,7980000000.0,34776822293.0,101070117340.0,-74186517474.0,52285945180.0,-26221558248.0,18781131627.0,-43584833526.0,-52400700306.0
30,Tiền thu từ phát hành cổ phiếu và vốn góp,-10480000000.0,7980000000.0,0.0,0.0,0.0,0.0,0.0,0.0,0.0,0.0
31,"Chi trả cho việc mua lại, trả lại cổ phiếu",0.0,0.0,0.0,0.0,0.0,0.0,0.0,0.0,0.0,0.0
32,Tiền thu được các khoản đi vay,226723047773.0,0.0,182882814028.0,313372543214.0,26668935355.0,215080632940.0,147674932297.0,83891659721.0,79394010192.0,26897087492.0
33,Tiển trả các khoản đi vay,-161469173081.0,0.0,-102442991735.0,-250201425874.0,-62834952829.0,-145082476920.0,-168783990545.0,-66610194469.0,-126591677343.0,-79297787798.0
34,Tiền thanh toán vốn gốc đi thuê tài chính,26059495681.0,0.0,0.0,0.0,0.0,0.0,0.0,-1227000000.0,1227000000.0,0.0
35,Cổ tức đã trả,3216879959.0,0.0,-45663000000.0,37899000000.0,-38020500000.0,-17712210840.0,-5112500000.0,2726666375.0,2385833625.0,0.0
37,Lưu chuyển tiền thuần trong kỳ,50277677941.0,25014966938.0,-60095130267.0,66468790532.0,-124306977975.0,151523034482.0,-63214723302.0,-12707087604.0,-94991165452.0,9096907041.0
38,Tiền và tương đương tiền đầu kỳ,109195258140.0,159472936081.0,184276627829.0,124181497562.0,190650288094.0,66343310119.0,217765244601.0,154550521299.0,141843433695.0,46852268243.0
39,Ảnh hưởng của chênh lệch tỷ giá,0.0,0.0,0.0,0.0,0.0,0.0,0.0,0.0,0.0,0.0
40,Tiền và tương đương tiền cuối kỳ,159472936081.0,184487903019.0,124181497562.0,190650288094.0,66343310119.0,217866344601.0,154550521299.0,141843433695.0,46852268243.0,55949175284.0
