,Unnamed: 0,Q2 2020,Q3 2020,Q1 2021,Q2 2021,Q3 2021,Q4 2021,Q1 2022,Q2 2022,Q3 2022,Q4 2022
0,Lưu chuyển tiền thuần từ các hoạt động sản xuất kinh doanh,-10548929176.0,11691171324.0,-999898817.0,-2730194614.0,1963005255.0,-12539262784.0,2948161411.0,-6458503162.0,5075005612.0,1326877409.0
1,Lãi/lỗ trước những thay đổi vốn lưu động,1695835951.0,1017347623.0,548025464.0,1744724940.0,2603450255.0,1176075873.0,889321631.0,-1072514672.0,1871799867.0,1562972134.0
2,Lãi trước thuế,2161338574.0,777328778.0,330914275.0,1426038286.0,1995914035.0,1302853580.0,387674006.0,-827684070.0,1859745721.0,1001637807.0
3,Khấu hao TSCĐ,644950564.0,448930339.0,441503627.0,474648851.0,485778050.0,502104848.0,496221799.0,479377237.0,443234123.0,465497297.0
4,Phân bổ lợi thế thương mại,0.0,0.0,0.0,0.0,0.0,0.0,0.0,0.0,0.0,0.0
5,Chi phí dự phòng,-1039541110.0,26884055.0,22438035.0,32487025.0,34407415.0,-632941179.0,0.0,-813735968.0,21599600.0,20015453.0
6,Lãi/(lỗ) chênh lệch tỷ giá chưa thực hiện,0.0,0.0,0.0,0.0,0.0,0.0,0.0,0.0,0.0,0.0
8,Lãi/(lỗ) từ hoạt động đầu tư,-85978935.0,-235795549.0,-272889465.0,-409699299.0,-32123224.0,-70379087.0,-48607265.0,-37801637.0,-550162411.0,-30553441.0
9,Chi phí lãi vay,15066858.0,0.0,26058992.0,221250077.0,119473979.0,74437711.0,54033091.0,127329766.0,97382834.0,106375018.0
11,Các khoản điều chỉnh khác,0.0,0.0,0.0,0.0,0.0,0.0,0.0,0.0,0.0,0.0
12,(Tăng)/giảm các khoản phải thu,-12343506777.0,6689524609.0,13581004753.0,17026851773.0,-872765837.0,-15842706569.0,10610110696.0,2607645765.0,-6396115474.0,-4707067343.0
13,(Tăng)/giảm hàng tồn kho,14729070913.0,-4663357322.0,-9911887950.0,-12258355769.0,10601075272.0,7768887414.0,-9482442399.0,-1851211157.0,-3169422011.0,15614864561.0
14,Tăng/(giảm) các khoản phải trả,-15032220388.0,8339984413.0,-5395739979.0,-9420711533.0,-10172183316.0,102448180.0,181530842.0,-5985286813.0,12713492814.0,-11788914292.0
15,( Tăng)/giảm chi phí trả trước,370314992.0,370314992.0,403439992.0,403439992.0,8228173.0,-577453197.0,948407913.0,-35231881.0,238608916.0,1104390016.0
16,(Tăng)/giảm chứng khoán kinh doanh,0.0,0.0,0.0,0.0,0.0,0.0,0.0,0.0,0.0,0.0
17,Chi phí lãi vay đã trả,-15066858.0,0.0,-9339739.0,-237969330.0,-119473979.0,-68212850.0,-59282904.0,-123884404.0,-100342697.0,-104009419.0
18,Thuế thu nhập doanh nghiệp đã trả,46642991.0,-56642991.0,-127901358.0,11825313.0,-84825313.0,-683797192.0,-137484368.0,0.0,-83015803.0,0.0
19,Tiền thu khác từ các hoạt động kinh doanh,0.0,0.0,0.0,0.0,0.0,0.0,0.0,2980000.0,0.0,0.0
20,Tiền chi khác từ các hoạt động kinh doanh,0.0,-6000000.0,-87500000.0,0.0,-500000.0,-4414504443.0,-2000000.0,-1000000.0,0.0,-355358248.0
21,Lưu chuyển tiền tệ ròng từ hoạt động đầu tư,-383136030.0,5026309742.0,-6494436759.0,12071922697.0,-766052597.0,-62807294.0,2404797555.0,474185.0,1719542715.0,-1368720712.0
22,Tiền mua tài sản cố định và các tài sản dài hạn khác,-109090909.0,0.0,-1699090909.0,0.0,-1213509091.0,0.0,0.0,0.0,-100000000.0,-969232973.0
23,Tiền thu được từ thanh lý tài sản cố định,0.0,0.0,72727273.0,200000000.0,0.0,0.0,0.0,0.0,788866668.0,-651480.0
24,Tiền cho vay hoặc mua công cụ nợ,-674000000.0,4375000000.0,-4905000000.0,-290000000.0,-202763000.0,-90000000.0,2322763000.0,-2542763000.0,-2024943260.0,-400000000.0
25,Tiền thu từ cho vay hoặc thu từ phát hành công cụ nợ,384000000.0,500000000.0,0.0,11790000000.0,625000000.0,0.0,0.0,2542763000.0,2945000000.0,0.0
26,Đầu tư vào các doanh nghiệp khác,0.0,0.0,0.0,0.0,0.0,0.0,0.0,0.0,0.0,0.0
27,Tiền thu từ việc bán các khoản đầu tư vào các doanh nghiệp khác,0.0,0.0,0.0,0.0,0.0,0.0,0.0,0.0,0.0,0.0
28,Cổ tức và tiền lãi nhận được,15954879.0,151309742.0,36926877.0,371922697.0,25219494.0,27192706.0,82034555.0,474185.0,110619307.0,1163741.0
29,Lưu chuyển tiền tệ từ hoạt động tài chính,0.0,0.0,5646623974.0,-5646623974.0,0.0,7070179260.0,-4287281829.0,4887580129.0,-3846610187.0,-2974723796.0
30,Tiền thu từ phát hành cổ phiếu và vốn góp,0.0,0.0,0.0,0.0,0.0,0.0,0.0,0.0,0.0,0.0
31,"Chi trả cho việc mua lại, trả lại cổ phiếu",0.0,0.0,0.0,0.0,0.0,0.0,0.0,0.0,0.0,0.0
32,Tiền thu được các khoản đi vay,11269513417.0,-11269513417.0,5646623974.0,14466561007.0,10989950815.0,8892098808.0,3557040202.0,4887580129.0,3823867373.0,2471912507.0
33,Tiển trả các khoản đi vay,-11269513417.0,11269513417.0,0.0,-20113184981.0,-10989950815.0,-1821919548.0,-7844322031.0,0.0,-7670477560.0,-1396636303.0
34,Tiền thanh toán vốn gốc đi thuê tài chính,0.0,0.0,0.0,0.0,0.0,0.0,0.0,0.0,0.0,0.0
35,Cổ tức đã trả,0.0,0.0,0.0,0.0,0.0,0.0,0.0,0.0,0.0,-4050000000.0
37,Lưu chuyển tiền thuần trong kỳ,-10932065206.0,16717481066.0,-1847711602.0,3695104109.0,1196952658.0,-5531890818.0,1065677137.0,-1570448848.0,2947938140.0,-3016567099.0
38,Tiền và tương đương tiền đầu kỳ,14624329680.0,3692264474.0,3374013367.0,1526301765.0,5221405874.0,6418358532.0,1008501787.0,2074178924.0,503730076.0,3451668216.0
39,Ảnh hưởng của chênh lệch tỷ giá,0.0,0.0,0.0,0.0,0.0,0.0,0.0,0.0,0.0,0.0
40,Tiền và tương đương tiền cuối kỳ,3692264474.0,20409745540.0,1526301765.0,5221405874.0,6418358532.0,886467714.0,2074178924.0,503730076.0,3451668216.0,435101117.0
