,Unnamed: 0,2013,2014,2015,2016,2017,2018,2019,2020,2021,2022
0,Lưu chuyển tiền thuần từ các hoạt động sản xuất kinh doanh,-14665237706.0,9168241306.0,-48285379148.0,-58914981990.0,1419889216.0,41029896211.0,18567928709.0,-12457416217.0,-6161795284.0,-11522726540.0
1,Lãi/lỗ trước những thay đổi vốn lưu động,-7577637178.0,-7322938099.0,-10976895666.0,750666843.0,2111713619.0,996474564.0,-4557997745.0,6510819539.0,10778720734.0,0.0
2,Lãi trước thuế,-5816016366.0,-24985932401.0,-8935026144.0,11886668668.0,11621511103.0,134295766.0,-2079134958.0,8179074167.0,14994772304.0,0.0
3,Khấu hao TSCĐ,259004913.0,193111123.0,146723508.0,130902080.0,137574708.0,110641013.0,158433129.0,646572506.0,3412540600.0,0.0
4,Phân bổ lợi thế thương mại,0.0,0.0,0.0,0.0,0.0,0.0,0.0,0.0,0.0,0.0
5,Chi phí dự phòng,12709010301.0,30407090461.0,8906862807.0,855000000.0,0.0,5231715601.0,13870885033.0,819146294.0,-6595997744.0,0.0
6,Lãi/(lỗ) chênh lệch tỷ giá chưa thực hiện,0.0,0.0,0.0,0.0,0.0,0.0,0.0,0.0,0.0,0.0
8,Lãi/(lỗ) từ hoạt động đầu tư,-16431694281.0,-15415502282.0,-12125769727.0,-13155040572.0,-10677686083.0,-6287523239.0,-17869751444.0,-3833807220.0,-1032594426.0,0.0
9,Chi phí lãi vay,1702058255.0,2478295000.0,1030313890.0,1033136667.0,1030313891.0,1807345423.0,1361570495.0,699833792.0,0.0,0.0
11,Các khoản điều chỉnh khác,0.0,0.0,0.0,0.0,0.0,0.0,0.0,0.0,0.0,0.0
12,(Tăng)/giảm các khoản phải thu,2881255894.0,35126125608.0,-22463754264.0,-35226479890.0,-87720895442.0,40183697689.0,41219201043.0,1418688906.0,11949994517.0,0.0
13,(Tăng)/giảm hàng tồn kho,-13563729395.0,-26320099362.0,-34376859534.0,-56837004810.0,97045493620.0,7437990898.0,-6227163247.0,-13044269087.0,-11716306556.0,0.0
14,Tăng/(giảm) các khoản phải trả,4167787784.0,6321394753.0,27791844479.0,32058033345.0,-10434434132.0,-8970080107.0,-10146981034.0,-7128840014.0,-18623121323.0,0.0
15,( Tăng)/giảm chi phí trả trước,549530189.0,2188373880.0,-7915189012.0,1372939189.0,1442327708.0,1381813167.0,1361044725.0,1344342696.0,1448917344.0,0.0
16,(Tăng)/giảm chứng khoán kinh doanh,0.0,0.0,0.0,0.0,0.0,0.0,0.0,0.0,0.0,0.0
17,Chi phí lãi vay đã trả,-26500000.0,-5541667.0,-512158079.0,-1033136667.0,-1024316157.0,0.0,-3080175033.0,-1558158257.0,0.0,0.0
18,Thuế thu nhập doanh nghiệp đã trả,-1000000000.0,-839485532.0,0.0,0.0,0.0,0.0,0.0,0.0,0.0,0.0
19,Tiền thu khác từ các hoạt động kinh doanh,0.0,84706273.0,167632928.0,0.0,0.0,0.0,0.0,0.0,0.0,0.0
20,Tiền chi khác từ các hoạt động kinh doanh,-95945000.0,-64294548.0,0.0,0.0,0.0,0.0,0.0,0.0,0.0,0.0
21,Lưu chuyển tiền tệ ròng từ hoạt động đầu tư,-32218083398.0,-8964012422.0,57339936348.0,52862043526.0,-925005676.0,-39634007720.0,-19386027827.0,85060189038.0,6096194146.0,12688952233.0
22,Tiền mua tài sản cố định và các tài sản dài hạn khác,-22037500.0,0.0,-613104881.0,-2202997046.0,-3000000.0,-47200000.0,-2640110230.0,-2188618182.0,-1350132965.0,-4035135260.0
23,Tiền thu được từ thanh lý tài sản cố định,0.0,2550000000.0,0.0,459090909.0,0.0,0.0,0.0,0.0,0.0,0.0
24,Tiền cho vay hoặc mua công cụ nợ,-220650000000.0,-151434000000.0,-141696844444.0,-229285879534.0,-170750000000.0,-224774330959.0,-256330323288.0,-57430000000.0,-35710000000.0,-29960000000.0
25,Tiền thu từ cho vay hoặc thu từ phát hành công cụ nợ,186750000000.0,136890000000.0,116890844444.0,271195879534.0,167190000000.0,178900000000.0,221714654247.0,140845000000.0,41935000000.0,46450000000.0
26,Đầu tư vào các doanh nghiệp khác,0.0,0.0,0.0,0.0,0.0,0.0,0.0,0.0,0.0,0.0
27,Tiền thu từ việc bán các khoản đầu tư vào các doanh nghiệp khác,0.0,0.0,80000000000.0,0.0,0.0,0.0,0.0,0.0,0.0,0.0
28,Cổ tức và tiền lãi nhận được,1703954102.0,3029987578.0,2759041229.0,12695949663.0,2637994324.0,6287523239.0,17869751444.0,3833807220.0,1221327111.0,234087493.0
29,Lưu chuyển tiền tệ từ hoạt động tài chính,-748630050.0,-374780150.0,-70426550.0,-3049157000.0,-564428650.0,-368281500.0,-4071150.0,-71392750000.0,-39781900.0,0.0
30,Tiền thu từ phát hành cổ phiếu và vốn góp,0.0,0.0,0.0,0.0,0.0,0.0,0.0,0.0,0.0,0.0
31,"Chi trả cho việc mua lại, trả lại cổ phiếu",0.0,0.0,0.0,0.0,0.0,0.0,0.0,0.0,0.0,0.0
32,Tiền thu được các khoản đi vay,9500000000.0,1900000000.0,0.0,0.0,0.0,0.0,0.0,0.0,0.0,0.0
33,Tiển trả các khoản đi vay,-9500000000.0,-1900000000.0,0.0,0.0,0.0,0.0,0.0,-71392750000.0,0.0,0.0
34,Tiền thanh toán vốn gốc đi thuê tài chính,0.0,0.0,0.0,0.0,0.0,0.0,0.0,0.0,0.0,0.0
35,Cổ tức đã trả,-748630050.0,-374780150.0,-70426550.0,-3049157000.0,-564428650.0,-368281500.0,-4071150.0,0.0,-39781900.0,0.0
37,Lưu chuyển tiền thuần trong kỳ,-47631951154.0,-170551266.0,8984130650.0,-9102095464.0,-69545110.0,1027606991.0,-822170268.0,1210022821.0,-105383038.0,1166225693.0
38,Tiền và tương đương tiền đầu kỳ,48390481982.0,758530828.0,587979562.0,9572110212.0,470014748.0,400469638.0,1428076629.0,605906361.0,1815929182.0,1710546144.0
39,Ảnh hưởng của chênh lệch tỷ giá,0.0,0.0,0.0,0.0,0.0,0.0,0.0,0.0,0.0,0.0
40,Tiền và tương đương tiền cuối kỳ,758530828.0,587979562.0,9572110212.0,470014748.0,400469638.0,1428076629.0,605906361.0,1815929182.0,1710546144.0,2876771837.0
