,Unnamed: 0,Q4 2012,Q1 2013,Q2 2013,Q3 2013,Q4 2013,Q1 2014,Q1 2015,Q2 2015,Q4 2021,Q1 2022
0,Lưu chuyển tiền thuần từ các hoạt động sản xuất kinh doanh,581588053.0,2997387759.0,8419960488.0,4608130888.0,-4750014119.0,7018584358.0,1500669705.0,133888081.0,1525421713.0,2051266133.0
1,Lãi/lỗ trước những thay đổi vốn lưu động,-3151784731.0,-418587084.0,994387313.0,819665478.0,-5956207662.0,-518455556.0,-511612788.0,-405611528.0,-411796989.0,-106872760.0
2,Lãi trước thuế,-1883812476.0,-907090421.0,284951231.0,140992130.0,-28050490524.0,-1021141812.0,-803923115.0,-684535128.0,3483108011.0,-52341621.0
3,Khấu hao TSCĐ,171820644.0,155645503.0,82262676.0,128915077.0,179689567.0,148236858.0,55409577.0,55409577.0,0.0,0.0
5,Chi phí dự phòng,520000000.0,0.0,0.0,0.0,23164399667.0,0.0,0.0,0.0,-3000000000.0,-64672635.0
6,Lãi/(lỗ) chênh lệch tỷ giá chưa thực hiện,0.0,0.0,0.0,0.0,0.0,0.0,0.0,0.0,0.0,0.0
8,Lãi/(lỗ) từ hoạt động đầu tư,-658303645.0,-238495165.0,48399536.0,0.0,-1445484621.0,0.0,0.0,0.0,-894905000.0,0.0
9,Chi phí lãi vay,-1301489254.0,571352999.0,578773870.0,549758271.0,195678249.0,354449398.0,236900750.0,223514023.0,0.0,10141496.0
11,Các khoản điều chỉnh khác,0.0,0.0,0.0,0.0,0.0,0.0,0.0,0.0,0.0,0.0
12,(Tăng)/giảm các khoản phải thu,-12930152278.0,-774087112.0,6701656480.0,-593451832.0,-3243204528.0,4986448031.0,3369047502.0,549102525.0,5146009055.0,352633364.0
13,(Tăng)/giảm hàng tồn kho,23516444711.0,1354926056.0,4826439667.0,3650150036.0,7247784897.0,-106862341.0,941453252.0,0.0,0.0,0.0
14,Tăng/(giảm) các khoản phải trả,-9278711083.0,3029117579.0,-3667813150.0,857018718.0,-2027510603.0,3128953780.0,-2128990574.0,177018244.0,-213200353.0,-215932390.0
15,( Tăng)/giảm chi phí trả trước,608203260.0,65941500.0,-13500000.0,54159091.0,-3159091.0,-138035720.0,48000000.0,-48000000.0,0.0,0.0
16,(Tăng)/giảm chứng khoán kinh doanh,0.0,0.0,0.0,0.0,0.0,0.0,0.0,0.0,0.0,2031579415.0
17,Chi phí lãi vay đã trả,2163618800.0,-243324669.0,-421209822.0,-404644618.0,-222651817.0,-333463836.0,-217227687.0,-138621160.0,-2995590000.0,-10141496.0
18,Thuế thu nhập doanh nghiệp đã trả,-193430626.0,0.0,0.0,0.0,0.0,0.0,0.0,0.0,0.0,0.0
19,Tiền thu khác từ các hoạt động kinh doanh,126723590.0,-3659091.0,24019671.0,306168400.0,311869889.0,0.0,0.0,0.0,0.0,0.0
20,Tiền chi khác từ các hoạt động kinh doanh,-279323590.0,-12939420.0,-24019671.0,-80934385.0,-856935204.0,0.0,0.0,0.0,0.0,0.0
21,Lưu chuyển tiền tệ ròng từ hoạt động đầu tư,824563002.0,-9617476928.0,-19706709037.0,-1337304185.0,-1044449818.0,-8319971904.0,0.0,0.0,-3695095000.0,-1843061300.0
22,Tiền mua tài sản cố định và các tài sản dài hạn khác,-7598427274.0,-9674790520.0,-21104713627.0,-1337304185.0,-7487705046.0,-8319971904.0,0.0,0.0,0.0,0.0
23,Tiền thu được từ thanh lý tài sản cố định,0.0,11818182.0,1443500000.0,0.0,40000000.0,0.0,0.0,0.0,0.0,0.0
24,Tiền cho vay hoặc mua công cụ nợ,0.0,0.0,0.0,0.0,0.0,0.0,0.0,0.0,0.0,0.0
25,Tiền thu từ cho vay hoặc thu từ phát hành công cụ nợ,0.0,0.0,0.0,0.0,0.0,0.0,0.0,0.0,0.0,0.0
26,Đầu tư vào các doanh nghiệp khác,-26663760180.0,0.0,0.0,0.0,0.0,0.0,0.0,0.0,0.0,-1993061300.0
27,Tiền thu từ việc bán các khoản đầu tư vào các doanh nghiệp khác,31753372427.0,0.0,0.0,0.0,5000000000.0,0.0,0.0,0.0,-4590000000.0,0.0
28,Cổ tức và tiền lãi nhận được,3333378029.0,45495410.0,-45495410.0,0.0,1403255228.0,0.0,0.0,0.0,894905000.0,150000000.0
29,Lưu chuyển tiền tệ từ hoạt động tài chính,-22312304355.0,6418742611.0,10905139408.0,-1329408716.0,4390661543.0,2049846595.0,-1125000000.0,-204000000.0,0.0,0.0
30,Tiền thu từ phát hành cổ phiếu và vốn góp,0.0,0.0,0.0,0.0,0.0,0.0,0.0,0.0,0.0,0.0
31,"Chi trả cho việc mua lại, trả lại cổ phiếu",0.0,0.0,0.0,0.0,0.0,0.0,0.0,0.0,0.0,0.0
32,Tiền thu được các khoản đi vay,18029280113.0,9468742611.0,18227959931.0,2638268874.0,422983953.0,5223846595.0,0.0,0.0,0.0,0.0
33,Tiển trả các khoản đi vay,-40341584468.0,-3050000000.0,-7322820523.0,-3967677590.0,3967677590.0,-3174000000.0,-1125000000.0,-204000000.0,0.0,0.0
34,Tiền thanh toán vốn gốc đi thuê tài chính,0.0,0.0,0.0,0.0,0.0,0.0,0.0,0.0,0.0,0.0
35,Cổ tức đã trả,0.0,0.0,0.0,0.0,0.0,0.0,0.0,0.0,0.0,0.0
37,Lưu chuyển tiền thuần trong kỳ,-20906153300.0,-201346558.0,-381609141.0,1941417987.0,-1403802394.0,748459049.0,375669705.0,-70111919.0,-2169673287.0,208204833.0
38,Tiền và tương đương tiền đầu kỳ,21572991293.0,666837993.0,465491435.0,83882294.0,2025300281.0,621497887.0,47774203.0,423443908.0,3069357800.0,899684513.0
39,Ảnh hưởng của chênh lệch tỷ giá,0.0,0.0,0.0,0.0,0.0,0.0,0.0,0.0,0.0,0.0
40,Tiền và tương đương tiền cuối kỳ,666837993.0,465491435.0,83882294.0,2025300281.0,621497887.0,1369956936.0,423443908.0,353331989.0,899684513.0,1107889346.0
