,Unnamed: 0,2012,2013,2014,2015,2016,2017,2018,2019,2020,2021
0,Lưu chuyển tiền thuần từ các hoạt động sản xuất kinh doanh,-29016056567.0,-2733059130.0,37137002053.0,22284849651.0,49108060609.0,113934969.0,-2834107185.0,-6013347527.0,-5257390161.0,1795962007.0
1,Lãi/lỗ trước những thay đổi vốn lưu động,23600227875.0,15554887316.0,5991394248.0,1607297211.0,2688501651.0,1667915778.0,4284455263.0,330504752.0,-146998981.0,-112397340.0
2,Lãi trước thuế,6900102674.0,6858207282.0,362571677.0,381094889.0,371695334.0,2126194688.0,4619691946.0,781186903.0,378993059.0,65836309.0
3,Khấu hao TSCĐ,3991285645.0,3146698211.0,2106698293.0,1458737670.0,1457511567.0,450064832.0,403939046.0,318854228.0,316170340.0,308654227.0
5,Chi phí dự phòng,-478332363.0,100000000.0,118111278.0,-1658821062.0,1312801314.0,459648112.0,0.0,378075750.0,0.0,0.0
6,Lãi/(lỗ) chênh lệch tỷ giá chưa thực hiện,0.0,0.0,0.0,0.0,0.0,0.0,0.0,0.0,0.0,0.0
8,Lãi/(lỗ) từ hoạt động đầu tư,-6277702103.0,-7894031196.0,-6317895544.0,-3816015782.0,-2349055795.0,-2174664788.0,-1536897995.0,-1461425046.0,-904076420.0,-674304622.0
9,Chi phí lãi vay,19464874022.0,13344013019.0,9721908544.0,5242301496.0,1895549231.0,806672934.0,797722266.0,313812917.0,61914040.0,187416746.0
11,Các khoản điều chỉnh khác,0.0,0.0,0.0,0.0,0.0,0.0,0.0,0.0,0.0,0.0
12,(Tăng)/giảm các khoản phải thu,10803666859.0,-56983213873.0,16491715871.0,20531259622.0,26087854695.0,70077265773.0,7695138803.0,11059879794.0,-9746387901.0,-8692513804.0
13,(Tăng)/giảm hàng tồn kho,-4379903068.0,59994992732.0,7497507863.0,63742751417.0,22255430319.0,7251218510.0,9993760889.0,6774686494.0,4017032933.0,1282091673.0
14,Tăng/(giảm) các khoản phải trả,-44586561362.0,-8929822106.0,18977265102.0,-59400788870.0,269898354.0,-77573699317.0,-23852462218.0,-22805107416.0,883505287.0,9554571075.0
15,( Tăng)/giảm chi phí trả trước,-704792355.0,3725474138.0,880174174.0,200637375.0,2710000.0,0.0,0.0,0.0,0.0,0.0
16,(Tăng)/giảm chứng khoán kinh doanh,0.0,0.0,0.0,0.0,0.0,0.0,0.0,0.0,0.0,0.0
17,Chi phí lãi vay đã trả,-13894031508.0,-14239084318.0,-9361872838.0,-5242301496.0,-2095782531.0,-1004249175.0,-390112054.0,-318395875.0,-61914040.0,-154335217.0
18,Thuế thu nhập doanh nghiệp đã trả,-464009042.0,-2213891347.0,-1558954032.0,0.0,-100551879.0,-314516600.0,-545330868.0,-1054915276.0,-202627459.0,-81454380.0
19,Tiền thu khác từ các hoạt động kinh doanh,4761463329.0,2081214325.0,213435900.0,40524921823.0,0.0,10000000.0,0.0,0.0,0.0,0.0
20,Tiền chi khác từ các hoạt động kinh doanh,-4152117295.0,-1723615997.0,-1993664235.0,-39678927431.0,0.0,0.0,-19557000.0,0.0,0.0,0.0
21,Lưu chuyển tiền tệ ròng từ hoạt động đầu tư,2119190044.0,6816394524.0,7218582980.0,2755050359.0,-2705919660.0,-1800124601.0,901576579.0,1461425046.0,404076420.0,-1826941366.0
22,Tiền mua tài sản cố định và các tài sản dài hạn khác,-399691112.0,-2276007093.0,-76727273.0,-1060965423.0,-4754975455.0,-454545454.0,0.0,0.0,0.0,0.0
23,Tiền thu được từ thanh lý tài sản cố định,565211976.0,3781363636.0,2418634558.0,1111460639.0,0.0,90909091.0,318181818.0,390909091.0,0.0,345454545.0
24,Tiền cho vay hoặc mua công cụ nợ,-820000000.0,-10211851800.0,-7605925040.0,-11000000000.0,-47000000000.0,-19500000000.0,-19000000000.0,-8639693150.0,-500000000.0,-2500000000.0
25,Tiền thu từ cho vay hoặc thu từ phát hành công cụ nợ,1150000000.0,10581851800.0,7605925040.0,11000000000.0,47000000000.0,19500000000.0,19000000000.0,8639693150.0,0.0,0.0
26,Đầu tư vào các doanh nghiệp khác,0.0,0.0,0.0,0.0,-300000000.0,-1793499678.0,0.0,0.0,0.0,0.0
27,Tiền thu từ việc bán các khoản đầu tư vào các doanh nghiệp khác,0.0,0.0,0.0,0.0,0.0,0.0,0.0,0.0,0.0,0.0
28,Cổ tức và tiền lãi nhận được,1623669180.0,4941037981.0,4876675695.0,2704555143.0,2349055795.0,357011440.0,583394761.0,1070515955.0,904076420.0,327604089.0
29,Lưu chuyển tiền tệ từ hoạt động tài chính,24766481111.0,-7823948571.0,-37069144262.0,-33243949650.0,-39388355690.0,-3820161445.0,-1146811668.0,-15116972.0,-914103642.0,0.0
30,Tiền thu từ phát hành cổ phiếu và vốn góp,0.0,0.0,0.0,0.0,0.0,0.0,0.0,0.0,0.0,0.0
31,"Chi trả cho việc mua lại, trả lại cổ phiếu",0.0,0.0,0.0,0.0,0.0,0.0,0.0,0.0,0.0,0.0
32,Tiền thu được các khoản đi vay,163953087457.0,183799260262.0,164597144716.0,152717357666.0,64838664217.0,0.0,0.0,0.0,0.0,0.0
33,Tiển trả các khoản đi vay,-137430090646.0,-186815543992.0,-197418288978.0,-185961307316.0,-104227019907.0,-3820161445.0,0.0,0.0,0.0,0.0
34,Tiền thanh toán vốn gốc đi thuê tài chính,0.0,0.0,0.0,0.0,0.0,0.0,0.0,0.0,0.0,0.0
35,Cổ tức đã trả,-1756515700.0,-4807664841.0,-4248000000.0,0.0,0.0,0.0,-1146811668.0,-15116972.0,-914103642.0,0.0
37,Lưu chuyển tiền thuần trong kỳ,-2130385412.0,-3740613177.0,7286440771.0,-8204049640.0,7013785259.0,-5506351077.0,-3079342274.0,-4567039453.0,-5767417383.0,-30979359.0
38,Tiền và tương đương tiền đầu kỳ,25443360578.0,23312975166.0,19572361989.0,26858802760.0,16395099810.0,23408885069.0,17902533992.0,14823191718.0,10256152265.0,4488734882.0
39,Ảnh hưởng của chênh lệch tỷ giá,0.0,0.0,0.0,0.0,0.0,0.0,0.0,0.0,0.0,0.0
40,Tiền và tương đương tiền cuối kỳ,23312975166.0,19572361989.0,26858802760.0,18654753120.0,23408885069.0,17902533992.0,14823191718.0,10256152265.0,4488734882.0,4457755523.0
