,Unnamed: 0,2014,2015,2016,2017,2018,2019,2020,2021,2022
0,Lưu chuyển tiền thuần từ các hoạt động sản xuất kinh doanh,-126597071896.0,-30695172931.0,-187895301015.0,-95410731311.0,-35400351696.0,-391441126873.0,120880820969.0,-150381889373.0,-543280457340.0
1,Lãi/lỗ trước những thay đổi vốn lưu động,19927181997.0,27190884208.0,45533562445.0,51466791473.0,99956886370.0,114326476792.0,36538692420.0,95628489801.0,190895024424.0
2,Lãi trước thuế,7529968628.0,15331431446.0,31572149199.0,21618034221.0,68325516559.0,54791248141.0,4151666931.0,62053998253.0,148040714507.0
3,Khấu hao TSCĐ,2869806820.0,3100369179.0,5103771146.0,7727483042.0,7469632862.0,11857515947.0,14709063948.0,26439213490.0,16592352217.0
4,Phân bổ lợi thế thương mại,0.0,0.0,0.0,0.0,0.0,0.0,0.0,0.0,0.0
5,Chi phí dự phòng,-247381334.0,1670701123.0,-5738821464.0,-1215294043.0,599097257.0,0.0,-825814245.0,417484907.0,8095951548.0
6,Lãi/(lỗ) chênh lệch tỷ giá chưa thực hiện,0.0,0.0,0.0,0.0,0.0,0.0,0.0,0.0,0.0
7,Lãi/(lỗ) từ thanh lý tài sản cố định,0.0,0.0,0.0,0.0,0.0,0.0,0.0,0.0,0.0
8,Lãi/(lỗ) từ hoạt động đầu tư,1549697.0,-672845730.0,329721146.0,-1566546.0,419212469.0,-1388137739.0,-29647805221.0,-43744073384.0,-44002646144.0
9,Chi phí lãi vay,9773238186.0,7761228190.0,14266742418.0,23338134799.0,23143427223.0,49065850443.0,48151581007.0,50461866535.0,62168652296.0
10,Thu lãi và cổ tức,0.0,0.0,0.0,0.0,0.0,0.0,0.0,0.0,0.0
11,Các khoản điều chỉnh khác,0.0,0.0,0.0,0.0,0.0,0.0,0.0,0.0,0.0
12,(Tăng)/giảm các khoản phải thu,-70741049355.0,-34834255089.0,-82961655320.0,-128896815449.0,-201361747325.0,-190689919644.0,-135833814011.0,-121731461742.0,-440325987951.0
13,(Tăng)/giảm hàng tồn kho,-24247246837.0,-31808072408.0,-164913037366.0,17954836676.0,44524729034.0,-248288416254.0,157154548164.0,-26209707140.0,-155796587458.0
14,Tăng/(giảm) các khoản phải trả,3888559869.0,19976374701.0,36142462402.0,-11428117319.0,43989781960.0,107818312172.0,107907276062.0,-46493419298.0,-13515289999.0
15,( Tăng)/giảm chi phí trả trước,-1600889126.0,-2689003119.0,-4417975659.0,1102452588.0,3098942354.0,-108855525433.0,11861776449.0,2959028556.0,-49526638286.0
16,(Tăng)/giảm chứng khoán kinh doanh,0.0,0.0,0.0,0.0,0.0,0.0,0.0,0.0,0.0
17,Chi phí lãi vay đã trả,-9773238186.0,-7761228190.0,-14266742418.0,-23338134799.0,-23143427223.0,-49065850443.0,-47940520260.0,-50401415981.0,-61174012272.0
18,Thuế thu nhập doanh nghiệp đã trả,-2096095930.0,-769873034.0,-2855365099.0,-2250344481.0,-2223868816.0,-15610651336.0,-8483474855.0,-3920261409.0,-13096477999.0
19,Tiền thu khác từ các hoạt động kinh doanh,0.0,0.0,0.0,150000000.0,136251950.0,0.0,0.0,0.0,0.0
20,Tiền chi khác từ các hoạt động kinh doanh,-41954294328.0,0.0,-156550000.0,-171400000.0,-377900000.0,-1075552727.0,-323663000.0,-213142160.0,-740487799.0
21,Lưu chuyển tiền tệ ròng từ hoạt động đầu tư,-5107345388.0,-2875115938.0,-21672889415.0,-2755466129.0,-14912620021.0,-43175292918.0,-39298440835.0,-5633496412.0,-80566280155.0
22,Tiền mua tài sản cố định và các tài sản dài hạn khác,-8950127445.0,-13519073892.0,-27679680517.0,-17720391996.0,-23877264590.0,-56566580634.0,-26960390504.0,-23751998290.0,-61797475977.0
23,Tiền thu được từ thanh lý tài sản cố định,3815764210.0,10606670000.0,5952457942.0,14937502446.0,8935383546.0,13333606273.0,13119181818.0,11055238094.0,8753191818.0
24,Tiền cho vay hoặc mua công cụ nợ,0.0,0.0,0.0,0.0,0.0,0.0,0.0,0.0,0.0
25,Tiền thu từ cho vay hoặc thu từ phát hành công cụ nợ,0.0,0.0,0.0,0.0,29261023.0,0.0,0.0,0.0,0.0
26,Đầu tư vào các doanh nghiệp khác,0.0,0.0,0.0,0.0,0.0,0.0,-64500000000.0,-5000000000.0,-67935923639.0
27,Tiền thu từ việc bán các khoản đầu tư vào các doanh nghiệp khác,0.0,0.0,0.0,0.0,0.0,0.0,39000000000.0,0.0,30600000000.0
28,Cổ tức và tiền lãi nhận được,27017847.0,37287954.0,54333160.0,27423421.0,0.0,57681443.0,42767851.0,12063263784.0,9813927643.0
29,Lưu chuyển tiền tệ từ hoạt động tài chính,130590023540.0,47718407364.0,202263905687.0,102186728778.0,66419463324.0,435100954260.0,-71693034063.0,171907012396.0,642921611101.0
30,Tiền thu từ phát hành cổ phiếu và vốn góp,130000000000.0,0.0,0.0,0.0,0.0,216000000000.0,0.0,227600320000.0,0.0
31,"Chi trả cho việc mua lại, trả lại cổ phiếu",0.0,0.0,0.0,0.0,0.0,0.0,0.0,0.0,0.0
32,Tiền thu được các khoản đi vay,926734093301.0,1197529411400.0,2573870122509.0,2896818663650.0,2647320501697.0,4679593714172.0,4201849162544.0,3538031336619.0,4655458501988.0
33,Tiển trả các khoản đi vay,-926144069761.0,-1141531004036.0,-2362606216822.0,-2776636634872.0,-2562905638373.0,-4460492759912.0,-4272911962255.0,-3593628990223.0,-4011881700215.0
34,Tiền thanh toán vốn gốc đi thuê tài chính,0.0,0.0,0.0,0.0,0.0,0.0,0.0,0.0,0.0
35,Cổ tức đã trả,0.0,-8280000000.0,-9000000000.0,-17995300000.0,-17995400000.0,0.0,-630234352.0,-95654000.0,-655190672.0
36,Tiền lãi đã nhận,0.0,0.0,0.0,0.0,0.0,0.0,0.0,0.0,0.0
37,Lưu chuyển tiền thuần trong kỳ,-1114393744.0,14148118495.0,-7304284743.0,4020531338.0,16106491607.0,484534469.0,9889346071.0,15891626611.0,19074873606.0
38,Tiền và tương đương tiền đầu kỳ,3352632972.0,2238239228.0,16386357722.0,9082072979.0,13102604317.0,29209095924.0,29693630393.0,39582976464.0,55474603075.0
39,Ảnh hưởng của chênh lệch tỷ giá,0.0,0.0,0.0,0.0,0.0,0.0,0.0,0.0,0.0
40,Tiền và tương đương tiền cuối kỳ,2238239228.0,16386357723.0,9082072979.0,13102604317.0,29209095924.0,29693630393.0,39582976464.0,55474603075.0,74549476681.0
