,Unnamed: 0,2012,2014,2015,2016,2017,2018,2019,2020,2021,2022
0,Lưu chuyển tiền thuần từ các hoạt động sản xuất kinh doanh,9411856252.0,23925254745.0,-741103621.0,37443807470.0,11690520486.0,51019939441.0,51592371695.0,46772713003.0,49708407000.0,134936934517.0
1,Lãi/lỗ trước những thay đổi vốn lưu động,26522580697.0,29066890060.0,16951701122.0,26486723500.0,31694746826.0,47406242825.0,65249315194.0,72680932379.0,62660888552.0,80444339588.0
2,Lãi trước thuế,31495066952.0,28249635088.0,9608691708.0,12653879290.0,16315220773.0,27034025780.0,39703868907.0,44117279506.0,31522594601.0,49207432130.0
3,Khấu hao TSCĐ,9665766768.0,6917140188.0,10106813195.0,13462623063.0,15753288148.0,19649916221.0,23163720354.0,26534246251.0,29058536812.0,32207458543.0
5,Chi phí dự phòng,-278796448.0,15659774.0,146954672.0,1393414819.0,460377144.0,635163080.0,947415201.0,1106397923.0,1557564780.0,-430803083.0
6,Lãi/(lỗ) chênh lệch tỷ giá chưa thực hiện,0.0,0.0,0.0,0.0,0.0,0.0,0.0,0.0,0.0,0.0
8,Lãi/(lỗ) từ hoạt động đầu tư,-14359456575.0,-6115544990.0,-2910758453.0,-1023193672.0,-886704655.0,-830320676.0,-875373865.0,-1309086417.0,-1132040771.0,-1953117055.0
9,Chi phí lãi vay,0.0,0.0,0.0,0.0,52565416.0,917458420.0,2309684597.0,2232095116.0,1654233130.0,1413369053.0
11,Các khoản điều chỉnh khác,0.0,0.0,0.0,0.0,0.0,0.0,0.0,0.0,0.0,0.0
12,(Tăng)/giảm các khoản phải thu,-2972270541.0,-3420102937.0,-7850122776.0,2068879302.0,-6851357756.0,-3835155658.0,7885203874.0,1644698252.0,-5598275393.0,11265990970.0
13,(Tăng)/giảm hàng tồn kho,-1202341738.0,-2767702705.0,1185611358.0,-2612074566.0,-6312552833.0,7253311624.0,733713541.0,-2079197735.0,-1040324789.0,1676017270.0
14,Tăng/(giảm) các khoản phải trả,-1437927234.0,16546930702.0,9494039025.0,1428628162.0,-266290927.0,5771232492.0,-6589233556.0,-12242054896.0,9067115116.0,55869570180.0
15,( Tăng)/giảm chi phí trả trước,-1038300000.0,-3307987999.0,-10906032087.0,14363501681.0,-905139737.0,1077769748.0,-226199996.0,235300000.0,-675210400.0,853937880.0
16,(Tăng)/giảm chứng khoán kinh doanh,0.0,0.0,0.0,0.0,0.0,0.0,0.0,0.0,0.0,0.0
17,Chi phí lãi vay đã trả,0.0,0.0,0.0,0.0,0.0,-915209504.0,-2286253326.0,-2237152895.0,-1671723419.0,-1413369053.0
18,Thuế thu nhập doanh nghiệp đã trả,-7520104490.0,-6571550561.0,-4445729819.0,-1781871544.0,-3324229218.0,-3571815951.0,-10340916732.0,-7207458119.0,-8441838868.0,-7068604915.0
19,Tiền thu khác từ các hoạt động kinh doanh,0.0,0.0,48030000.0,46330000.0,63714111.0,59890000.0,105830000.0,26340000.0,226941145.0,58120000.0
20,Tiền chi khác từ các hoạt động kinh doanh,-2939780442.0,-5621221815.0,-5218600444.0,-2556309065.0,-2408369980.0,-2226326135.0,-2939087304.0,-4048693983.0,-4819164944.0,-6749067403.0
21,Lưu chuyển tiền tệ ròng từ hoạt động đầu tư,8829291863.0,29461174957.0,716461792.0,-15823937581.0,-49851838311.0,-47804015455.0,-30552298253.0,-22190212872.0,-36447090243.0,-75994623285.0
22,Tiền mua tài sản cố định và các tài sản dài hạn khác,-10530164712.0,-31190108617.0,-36743738069.0,-23072242927.0,-44677029078.0,-53770111130.0,-31291883989.0,-13419964222.0,-22437472384.0,-42337792669.0
23,Tiền thu được từ thanh lý tài sản cố định,0.0,0.0,0.0,0.0,304250000.0,658636364.0,0.0,0.0,0.0,0.0
24,Tiền cho vay hoặc mua công cụ nợ,0.0,0.0,0.0,0.0,-6000000000.0,0.0,-100000000.0,-10000000000.0,-26100000000.0,-35000000000.0
25,Tiền thu từ cho vay hoặc thu từ phát hành công cụ nợ,5000000000.0,53000000000.0,33800000000.0,6200000000.0,0.0,5000000000.0,0.0,0.0,11100000000.0,0.0
26,Đầu tư vào các doanh nghiệp khác,0.0,0.0,0.0,0.0,0.0,0.0,0.0,0.0,0.0,0.0
27,Tiền thu từ việc bán các khoản đầu tư vào các doanh nghiệp khác,0.0,0.0,0.0,0.0,0.0,0.0,0.0,0.0,0.0,0.0
28,Cổ tức và tiền lãi nhận được,14359456575.0,7651283574.0,3660199861.0,1048305346.0,520940767.0,307459311.0,839585736.0,1229751350.0,990382141.0,1343169384.0
29,Lưu chuyển tiền tệ từ hoạt động tài chính,-11532014838.0,-12174295900.0,-10748798950.0,-6097405450.0,6556132633.0,5688314568.0,-4965331991.0,-15133999029.0,-16105214368.0,-15328275068.0
30,Tiền thu từ phát hành cổ phiếu và vốn góp,0.0,0.0,0.0,0.0,0.0,0.0,0.0,0.0,0.0,0.0
31,"Chi trả cho việc mua lại, trả lại cổ phiếu",0.0,0.0,0.0,0.0,0.0,0.0,0.0,0.0,0.0,0.0
32,Tiền thu được các khoản đi vay,0.0,0.0,0.0,0.0,13112937733.0,12659004998.0,6483080727.0,0.0,0.0,0.0
33,Tiển trả các khoản đi vay,0.0,0.0,0.0,0.0,-6556805100.0,0.0,-2218263468.0,-4034267929.0,-4031443468.0,-4031443468.0
34,Tiền thanh toán vốn gốc đi thuê tài chính,0.0,0.0,0.0,0.0,0.0,0.0,0.0,0.0,0.0,0.0
35,Cổ tức đã trả,-11532014838.0,-12174295900.0,-10748798950.0,-6097405450.0,0.0,-6970690430.0,-9230149250.0,-11099731100.0,-12073770900.0,-11296831600.0
37,Lưu chuyển tiền thuần trong kỳ,6709133277.0,41212133802.0,-10773440779.0,15522464439.0,-31605185192.0,8904238554.0,16074741451.0,9448501102.0,-2843897611.0,43614036164.0
38,Tiền và tương đương tiền đầu kỳ,8548083066.0,15778082050.0,56990215852.0,46216775073.0,61739239512.0,30134054320.0,39038292874.0,55113034325.0,64561535427.0,61717637816.0
39,Ảnh hưởng của chênh lệch tỷ giá,0.0,0.0,0.0,0.0,0.0,0.0,0.0,0.0,0.0,0.0
40,Tiền và tương đương tiền cuối kỳ,15257216343.0,56990215852.0,46216775073.0,61739239512.0,30134054320.0,39038292874.0,55113034325.0,64561535427.0,61717637816.0,105331673980.0
