,Unnamed: 0,Q3 2020,Q4 2020,Q1 2021,Q2 2021,Q3 2021,Q4 2021,Q1 2022,Q2 2022,Q3 2022,Q4 2022
0,Lưu chuyển tiền thuần từ các hoạt động sản xuất kinh doanh,250252205598.0,208828686852.0,-658203648438.0,820329040819.0,-265263036848.0,-25033775218.0,-374942154345.0,-328894550805.0,270761276448.0,-352542665988.0
1,Lãi/lỗ trước những thay đổi vốn lưu động,45067149634.0,74737767.0,197910590924.0,137522709343.0,214433368513.0,158367497658.0,52639452012.0,-8248150576.0,-16738396757.0,-75100551487.0
2,Lãi trước thuế,31812934507.0,-10718739727.0,182361200499.0,152159209320.0,202538060631.0,138243863268.0,39957629638.0,-290608303243.0,-2751430783.0,-126258194675.0
3,Khấu hao TSCĐ,581826662.0,570315403.0,515125799.0,595731001.0,415246769.0,682658006.0,554218587.0,574294334.0,567898350.0,578699787.0
4,Phân bổ lợi thế thương mại,0.0,0.0,0.0,0.0,0.0,0.0,0.0,0.0,0.0,0.0
5,Chi phí dự phòng,3359687226.0,48607825.0,4132100868.0,-6972684434.0,716907724.0,15550586113.0,9913698432.0,289486823803.0,11857403983.0,47605589152.0
6,Lãi/(lỗ) chênh lệch tỷ giá chưa thực hiện,0.0,0.0,0.0,0.0,0.0,0.0,0.0,0.0,0.0,0.0
8,Lãi/(lỗ) từ hoạt động đầu tư,-17124353644.0,7717598300.0,-26978285120.0,-42086896525.0,-17757501334.0,-39754356940.0,-15393140887.0,-21056753464.0,-36132882121.0,-6747259565.0
9,Chi phí lãi vay,24817054883.0,2456955966.0,37880448878.0,33827349981.0,28520654723.0,43639047212.0,17607046242.0,13355787994.0,9720613814.0,9720613814.0
11,Các khoản điều chỉnh khác,1620000000.0,0.0,0.0,0.0,0.0,5699999.0,0.0,0.0,0.0,0.0
12,(Tăng)/giảm các khoản phải thu,353216337757.0,503413666881.0,-836416158727.0,843395371204.0,-337618165247.0,-41914249320.0,-57819026165.0,642434769197.0,-272087792184.0,-257863378763.0
13,(Tăng)/giảm hàng tồn kho,0.0,2542434546.0,0.0,0.0,0.0,0.0,0.0,0.0,37799999.0,0.0
14,Tăng/(giảm) các khoản phải trả,-44509176818.0,5176038675.0,92094653738.0,-91528139863.0,54143807833.0,77973823211.0,-30952524843.0,-45274099149.0,-142982101206.0,-1328278974.0
15,( Tăng)/giảm chi phí trả trước,-1716049530.0,-292237474218.0,244197029.0,700844776.0,321711030.0,-1184872142.0,-1510227703.0,784060821.0,-1717878138.0,1337605518.0
16,(Tăng)/giảm chứng khoán kinh doanh,-77667784999.0,-4053474723.0,-59828718580.0,-35732434244.0,-163705779428.0,-184162856838.0,-183462088272.0,-905315388837.0,697927807294.0,-9618939628.0
17,Chi phí lãi vay đã trả,-24134749301.0,-4138505093.0,-35574918037.0,-33947167301.0,-32837479549.0,-34113617787.0,-26329897952.0,-16615376311.0,-13947855291.0,-10772671311.0
18,Thuế thu nhập doanh nghiệp đã trả,-3521145.0,-1934948229.0,-16619506031.0,908150.0,0.0,0.0,-127507841422.0,3349634050.0,-2603010489.0,-4947656688.0
19,Tiền thu khác từ các hoạt động kinh doanh,0.0,0.0,0.0,0.0,0.0,0.0,0.0,0.0,22862703220.0,-1286237303.0
20,Tiền chi khác từ các hoạt động kinh doanh,0.0,-13788754.0,-13788754.0,-83051246.0,-500000.0,500000.0,0.0,-10000000.0,10000000.0,7037442648.0
21,Lưu chuyển tiền tệ ròng từ hoạt động đầu tư,-563308868852.0,6086347020.0,-2707113270.0,-192841715177.0,-738335604485.0,568610668907.0,983786927723.0,95085417521.0,90064133651.0,129861410195.0
22,Tiền mua tài sản cố định và các tài sản dài hạn khác,-204149000.0,-79800000.0,-33968000.0,33968000.0,-46200000.0,-301000000.0,-187245454.0,0.0,0.0,-48890000.0
23,Tiền thu được từ thanh lý tài sản cố định,0.0,0.0,0.0,50000000.0,0.0,0.0,0.0,0.0,0.0,0.0
24,Tiền cho vay hoặc mua công cụ nợ,300956663035.0,47918649261.0,0.0,-4803850805991.0,-3440725423817.0,-4148511752689.0,-4538061671308.0,1256643994642.0,2849643243158.0,123163040630.0
25,Tiền thu từ cho vay hoặc thu từ phát hành công cụ nợ,-855426805734.0,220216116025.0,24000000000.0,4520320828578.0,2619058545230.0,4654404346136.0,5512715481234.0,-1207260767227.0,-2783248764513.0,6747259565.0
26,Đầu tư vào các doanh nghiệp khác,-10636467809.0,-366596803599.0,-47168610707.0,47168610707.0,65689430718.0,-65689430718.0,0.0,0.0,0.0,0.0
27,Tiền thu từ việc bán các khoản đầu tư vào các doanh nghiệp khác,0.0,-17460000000.0,0.0,0.0,0.0,85600000000.0,0.0,0.0,0.0,0.0
28,Cổ tức và tiền lãi nhận được,2001890656.0,122088185333.0,20495465437.0,43435683529.0,17688043384.0,43108506178.0,9320363251.0,45702190106.0,23669655006.0,0.0
29,Lưu chuyển tiền tệ từ hoạt động tài chính,305863859116.0,33919758602.0,488507790591.0,-497922026326.0,857538214500.0,-156760111642.0,275658182405.0,-868216289020.0,-292374101438.0,-59056850400.0
30,Tiền thu từ phát hành cổ phiếu và vốn góp,0.0,47941900000.0,164179990000.0,120436050000.0,497136030000.0,255437300000.0,0.0,0.0,0.0,0.0
31,"Chi trả cho việc mua lại, trả lại cổ phiếu",0.0,-49304800000.0,0.0,0.0,75000000.0,0.0,0.0,0.0,0.0,0.0
32,Tiền thu được các khoản đi vay,3773275605744.0,5812093910823.0,7027017513683.0,6263812959988.0,8369401516278.0,6911337039660.0,7263542571284.0,2082358772392.0,650369164762.0,59056850402.0
33,Tiển trả các khoản đi vay,-3429000566628.0,-5772936244771.0,-6702689713092.0,-6853026282074.0,-7953834878978.0,-7323514560102.0,-6932445283879.0,-2951391874412.0,-941885290157.0,-118113700802.0
34,Tiền thanh toán vốn gốc đi thuê tài chính,0.0,0.0,0.0,0.0,0.0,0.0,0.0,0.0,0.0,0.0
35,Cổ tức đã trả,-38411180000.0,-3875007450.0,0.0,-29144754240.0,-55239452800.0,-19891200.0,-55439105000.0,816813000.0,-857976043.0,0.0
37,Lưu chuyển tiền thuần trong kỳ,-7192804138.0,248834792474.0,-172402971117.0,129565299316.0,-146060426833.0,386816782047.0,884502955783.0,-1102025422304.0,68451308661.0,-281738106193.0
38,Tiền và tương đương tiền đầu kỳ,43985817336.0,36793013198.0,285627805672.0,113224834555.0,242790133871.0,96729707038.0,483546478085.0,1368049433868.0,266024011564.0,334475320225.0
39,Ảnh hưởng của chênh lệch tỷ giá,0.0,0.0,0.0,0.0,0.0,0.0,0.0,0.0,0.0,0.0
40,Tiền và tương đương tiền cuối kỳ,36793013198.0,285627805672.0,113224834555.0,242790133871.0,96729707038.0,483546489085.0,1368049433868.0,266024011564.0,334475320225.0,52737214032.0
