,Unnamed: 0,2013,2014,2015,2016,2017,2018,2019,2020,2021,2022
0,Lưu chuyển tiền thuần từ các hoạt động sản xuất kinh doanh,2753449622.0,8694421893.0,5874494568.0,5629074040.0,7850519988.0,1153202087.0,7084434829.0,8303439406.0,2321361898.0,3027942916.0
1,Lãi/lỗ trước những thay đổi vốn lưu động,7653985535.0,6720028841.0,7869157224.0,8880974715.0,9152814900.0,10731873708.0,9684486616.0,9806020974.0,7601676986.0,6555328774.0
2,Lãi trước thuế,5293147882.0,5531289462.0,6225789468.0,7684013830.0,7914260885.0,35469360792.0,9064040529.0,8873759108.0,6609906628.0,5686394267.0
3,Khấu hao TSCĐ,2898158984.0,2597846462.0,2138221383.0,1855755296.0,1474742281.0,1291194961.0,1304261105.0,1316710904.0,1191050810.0,1108119935.0
5,Chi phí dự phòng,21917700.0,-290606700.0,0.0,0.0,54331745.0,277221.0,27115462.0,14182850.0,31400290.0,-42326431.0
6,Lãi/(lỗ) chênh lệch tỷ giá chưa thực hiện,0.0,0.0,0.0,0.0,0.0,0.0,0.0,0.0,0.0,0.0
8,Lãi/(lỗ) từ hoạt động đầu tư,-721733475.0,-1123944827.0,-557270294.0,-660834783.0,-323817545.0,-26083022061.0,-724631574.0,-398631888.0,-230680742.0,-196858997.0
9,Chi phí lãi vay,162494444.0,5444444.0,62416667.0,2040372.0,33297534.0,54062795.0,13701094.0,0.0,0.0,0.0
11,Các khoản điều chỉnh khác,0.0,0.0,0.0,0.0,0.0,0.0,0.0,0.0,0.0,0.0
12,(Tăng)/giảm các khoản phải thu,-2977367443.0,3704203582.0,-243887954.0,174362076.0,-502959886.0,43434843.0,500513172.0,-33410438.0,-749710004.0,-2195538939.0
13,(Tăng)/giảm hàng tồn kho,726064126.0,2836936512.0,-470394612.0,-666957447.0,-1766267301.0,1142063062.0,-1058477551.0,-430701384.0,-3242290153.0,238896056.0
14,Tăng/(giảm) các khoản phải trả,-1119631662.0,-3539214986.0,469734073.0,-902901978.0,3045144161.0,-2318753814.0,74833833.0,609369672.0,232534657.0,-205905336.0
15,( Tăng)/giảm chi phí trả trước,-208244030.0,165927883.0,163848708.0,-51420968.0,6529397.0,-1077481387.0,227426822.0,-15828374.0,-15656443.0,314408474.0
16,(Tăng)/giảm chứng khoán kinh doanh,0.0,0.0,0.0,0.0,0.0,0.0,0.0,0.0,0.0,0.0
17,Chi phí lãi vay đã trả,-162494444.0,-5444444.0,-62416667.0,-2040372.0,-33297534.0,-54062795.0,-13701094.0,0.0,0.0,0.0
18,Thuế thu nhập doanh nghiệp đã trả,-721853825.0,-855705495.0,-1509636204.0,-1598331986.0,-1834418309.0,-6968516430.0,-1882359969.0,-1376851044.0,-1121197464.0,-1621484113.0
19,Tiền thu khác từ các hoạt động kinh doanh,195243828.0,0.0,0.0,0.0,0.0,0.0,65000000.0,21980000.0,7000000.0,12000000.0
20,Tiền chi khác từ các hoạt động kinh doanh,-632252463.0,-332310000.0,-341910000.0,-204610000.0,-217025440.0,-345355100.0,-513287000.0,-277140000.0,-390995681.0,-69762000.0
21,Lưu chuyển tiền tệ ròng từ hoạt động đầu tư,1310322565.0,5385254640.0,561030293.0,-6009523942.0,1051713738.0,27727378223.0,-6966735548.0,-3241724278.0,5294329320.0,-163541671.0
22,Tiền mua tài sản cố định và các tài sản dài hạn khác,-411410910.0,0.0,0.0,-5159372613.0,-1315232696.0,-111397670.0,-986000000.0,0.0,0.0,0.0
23,Tiền thu được từ thanh lý tài sản cố định,454545455.0,1977748183.0,0.0,70706364.0,0.0,27555751037.0,-317636364.0,0.0,508000000.0,0.0
24,Tiền cho vay hoặc mua công cụ nợ,-3000000000.0,0.0,0.0,-2000000000.0,0.0,0.0,-6400000000.0,-7000000000.0,-2500000000.0,-4836695890.0
25,Tiền thu từ cho vay hoặc thu từ phát hành công cụ nợ,4000000000.0,3000000000.0,0.0,0.0,2000000000.0,0.0,0.0,3400000000.0,7000000000.0,4500000000.0
26,Đầu tư vào các doanh nghiệp khác,0.0,0.0,0.0,0.0,0.0,0.0,0.0,0.0,0.0,0.0
27,Tiền thu từ việc bán các khoản đầu tư vào các doanh nghiệp khác,0.0,0.0,0.0,490000000.0,0.0,0.0,0.0,0.0,0.0,0.0
28,Cổ tức và tiền lãi nhận được,267188020.0,407506457.0,561030293.0,589142307.0,366946434.0,283024856.0,736900816.0,358275722.0,286329320.0,173154219.0
29,Lưu chuyển tiền tệ từ hoạt động tài chính,-741836743.0,-6617080100.0,-4059381050.0,-4267016690.0,-11411792540.0,-5540953364.0,-27869488422.0,-5983375000.0,-6885631250.0,-5468363540.0
30,Tiền thu từ phát hành cổ phiếu và vốn góp,0.0,0.0,0.0,0.0,0.0,0.0,0.0,0.0,0.0,0.0
31,"Chi trả cho việc mua lại, trả lại cổ phiếu",0.0,0.0,0.0,0.0,0.0,0.0,0.0,0.0,0.0,0.0
32,Tiền thu được các khoản đi vay,13000000000.0,0.0,10000000000.0,1311668000.0,4700000000.0,4317000000.0,2723801400.0,0.0,0.0,0.0
33,Tiển trả các khoản đi vay,-10000000000.0,-3000000000.0,-10000000000.0,-1311668000.0,-4700000000.0,-4317000000.0,-2723801400.0,0.0,0.0,0.0
34,Tiền thanh toán vốn gốc đi thuê tài chính,0.0,0.0,0.0,0.0,0.0,0.0,0.0,0.0,0.0,0.0
35,Cổ tức đã trả,-3741836743.0,-3617080100.0,-4059381050.0,-4267016690.0,-11411792540.0,-5540953364.0,-27869488422.0,-5983375000.0,-6885631250.0,-5468363540.0
37,Lưu chuyển tiền thuần trong kỳ,3321935444.0,7462596433.0,2376143811.0,-4647466592.0,-2509558814.0,23339626946.0,-27751789141.0,-921659872.0,730059968.0,-2603962295.0
38,Tiền và tương đương tiền đầu kỳ,3808660430.0,7130595874.0,14593192307.0,16969336118.0,12321869526.0,9812310712.0,33151937658.0,5400148517.0,4478488645.0,5208548613.0
39,Ảnh hưởng của chênh lệch tỷ giá,0.0,0.0,0.0,0.0,0.0,0.0,0.0,0.0,0.0,0.0
40,Tiền và tương đương tiền cuối kỳ,7130595874.0,14593192307.0,16969336118.0,12321869526.0,9812310712.0,33151937658.0,5400148517.0,4478488645.0,5208548613.0,2604586318.0
