,Unnamed: 0,2013,2014,2015,2016,2017,2018,2019,2020,2021,2022
0,Lưu chuyển tiền thuần từ các hoạt động sản xuất kinh doanh,56277544858.0,72532378270.0,42001280255.0,-6767181018.0,38862578442.0,63862397591.0,23603076459.0,-271566899633.0,-457486593390.0,-438757901789.0
1,Lãi/lỗ trước những thay đổi vốn lưu động,46913007617.0,49486104027.0,63427954031.0,73854142467.0,45786076502.0,55520653250.0,62882557951.0,100428975369.0,55537806362.0,77766588855.0
2,Lãi trước thuế,38112252276.0,44020415830.0,47245833672.0,54262579767.0,33306764793.0,42063502048.0,57274742812.0,78801863396.0,47091429995.0,103206204592.0
3,Khấu hao TSCĐ,11278465530.0,12372420706.0,14664461634.0,14205888286.0,13970134687.0,10689601395.0,8844508919.0,9133588071.0,5429679807.0,4251203156.0
5,Chi phí dự phòng,182418767.0,-210957779.0,1842663506.0,5277630680.0,-1133506337.0,3733934803.0,1375336166.0,2319603668.0,1635892447.0,-336933663.0
6,Lãi/(lỗ) chênh lệch tỷ giá chưa thực hiện,0.0,0.0,0.0,0.0,0.0,0.0,0.0,0.0,0.0,0.0
8,Lãi/(lỗ) từ hoạt động đầu tư,-2660128956.0,-6706008550.0,-665150885.0,-941824187.0,-1403212511.0,-2044064436.0,-6749902239.0,-2981083329.0,-21022450083.0,-52980412164.0
9,Chi phí lãi vay,0.0,10233820.0,340146104.0,1049867921.0,1024077688.0,1077679440.0,2137872293.0,13155003563.0,22403254196.0,23626526934.0
11,Các khoản điều chỉnh khác,0.0,0.0,0.0,0.0,21818182.0,0.0,0.0,0.0,0.0,0.0
12,(Tăng)/giảm các khoản phải thu,-24098800148.0,2418332991.0,39076485616.0,-39194706520.0,74508495982.0,19151953282.0,-75078078057.0,-23714773412.0,-248725941996.0,-210285781073.0
13,(Tăng)/giảm hàng tồn kho,61180152890.0,-2096722804.0,-35770715450.0,17444963858.0,-67251814093.0,-23388864003.0,71078722468.0,-417478362521.0,-188426798051.0,-375191052275.0
14,Tăng/(giảm) các khoản phải trả,-17487845884.0,31180424029.0,-12764315041.0,-21662779651.0,-301654017.0,28007535971.0,-16297724118.0,120806837263.0,-47704464563.0,105178155707.0
15,( Tăng)/giảm chi phí trả trước,-172280249.0,-249455701.0,555302052.0,-1009418179.0,13243168.0,411077378.0,-1050825151.0,-21113377288.0,1037459739.0,-616706205.0
16,(Tăng)/giảm chứng khoán kinh doanh,0.0,0.0,0.0,0.0,0.0,0.0,0.0,0.0,0.0,0.0
17,Chi phí lãi vay đã trả,0.0,0.0,-350379924.0,-1049867921.0,-1024077688.0,-1077679440.0,-2137872293.0,-12612016936.0,-19023215636.0,-23494770812.0
18,Thuế thu nhập doanh nghiệp đã trả,-2986225832.0,-3727655218.0,-5985720017.0,-29390884984.0,-5514013005.0,-9166886251.0,-8974874189.0,-13206931514.0,-10171497245.0,-9750168194.0
19,Tiền thu khác từ các hoạt động kinh doanh,0.0,0.0,0.0,0.0,0.0,0.0,0.0,0.0,0.0,0.0
20,Tiền chi khác từ các hoạt động kinh doanh,-7070463536.0,-4478649054.0,-6187331012.0,-5758630088.0,-7353678407.0,-5595392596.0,-6818830152.0,-4677250594.0,-9942000.0,-2364167792.0
21,Lưu chuyển tiền tệ ròng từ hoạt động đầu tư,1029617276.0,-58119342254.0,-9522562342.0,-8240533945.0,-13188432630.0,-6035136855.0,-1953986131.0,-9169615190.0,25341668265.0,-270145008661.0
22,Tiền mua tài sản cố định và các tài sản dài hạn khác,-1832867851.0,-5084697038.0,-10187713227.0,-9182358132.0,-14591645141.0,-8079201291.0,-8433807509.0,-10173243974.0,-1054600000.0,-3729915825.0
23,Tiền thu được từ thanh lý tài sản cố định,930593464.0,1454545455.0,262727273.0,175454545.0,846099090.0,186090909.0,3697171718.0,160000000.0,3381818182.0,54932807.0
24,Tiền cho vay hoặc mua công cụ nợ,0.0,0.0,0.0,0.0,0.0,0.0,-180000000.0,-24000000000.0,-85000000000.0,-2374600000000.0
25,Tiền thu từ cho vay hoặc thu từ phát hành công cụ nợ,0.0,0.0,0.0,0.0,0.0,0.0,0.0,24000000000.0,85000000000.0,2055400000000.0
26,Đầu tư vào các doanh nghiệp khác,0.0,-57977212893.0,0.0,0.0,0.0,0.0,0.0,0.0,0.0,0.0
27,Tiền thu từ việc bán các khoản đầu tư vào các doanh nghiệp khác,0.0,0.0,0.0,0.0,0.0,0.0,0.0,0.0,0.0,0.0
28,Cổ tức và tiền lãi nhận được,1931891663.0,3488022222.0,402423612.0,766369642.0,557113421.0,1857973527.0,2962649660.0,843628784.0,23014450083.0,52729974357.0
29,Lưu chuyển tiền tệ từ hoạt động tài chính,-40019650000.0,-25900682066.0,-16411356194.0,-21553116216.0,-14298504369.0,-33078938433.0,55275076381.0,353419035477.0,319540898119.0,727115449326.0
30,Tiền thu từ phát hành cổ phiếu và vốn góp,0.0,0.0,0.0,0.0,750000000.0,2250000000.0,0.0,200000000000.0,0.0,749999930000.0
31,"Chi trả cho việc mua lại, trả lại cổ phiếu",0.0,0.0,0.0,0.0,0.0,0.0,0.0,0.0,0.0,0.0
32,Tiền thu được các khoản đi vay,0.0,4093527934.0,23943160425.0,32063127342.0,45154982272.0,24026713608.0,142580661335.0,424870574212.0,588706684353.0,493902371050.0
33,Tiển trả các khoản đi vay,0.0,0.0,-13849490619.0,-29185656058.0,-36893469141.0,-39112247541.0,-67013472454.0,-265869221539.0,-254002809834.0,-433114698524.0
34,Tiền thanh toán vốn gốc đi thuê tài chính,0.0,0.0,0.0,0.0,0.0,0.0,0.0,0.0,0.0,0.0
35,Cổ tức đã trả,-40019650000.0,-29994210000.0,-26505026000.0,-24430587500.0,-23310017500.0,-20243404500.0,-20292112500.0,-5582317196.0,-15162976400.0,-83672153200.0
37,Lưu chuyển tiền thuần trong kỳ,17287512134.0,-11487646050.0,16067361719.0,-36560831179.0,11375641443.0,24748322303.0,76924166709.0,72682520654.0,-112604027006.0,18212538876.0
38,Tiền và tương đương tiền đầu kỳ,33681763398.0,50969275532.0,39481629482.0,55548991201.0,18988160022.0,30363801465.0,55112123768.0,132036290477.0,204718811131.0,92114784125.0
39,Ảnh hưởng của chênh lệch tỷ giá,0.0,0.0,0.0,0.0,0.0,0.0,0.0,0.0,0.0,0.0
40,Tiền và tương đương tiền cuối kỳ,50969275532.0,39481629482.0,55548991201.0,18988160022.0,30363801465.0,55112123768.0,132036290477.0,204718811131.0,92114784125.0,110327323001.0
