,Unnamed: 0,2013,2014,2015,2016,2017,2018,2019,2020,2021,2022
0,Lưu chuyển tiền thuần từ các hoạt động sản xuất kinh doanh,174764762711.0,159654463794.0,66580766453.0,199735889136.0,-79687695031.0,458034636690.0,540569473205.0,-299422242948.0,-371298400185.0,-91629860699.0
1,Lãi/lỗ trước những thay đổi vốn lưu động,68441162523.0,71950954486.0,9215562206.0,59885142186.0,57161236491.0,68728945669.0,435063709225.0,212706977882.0,277903946847.0,31645892368.0
2,Lãi trước thuế,61745136832.0,71099065331.0,69585157872.0,70314972109.0,94191175646.0,118336001493.0,468997640573.0,337337355546.0,303371735909.0,21344635230.0
3,Khấu hao TSCĐ,11635485805.0,16673044279.0,11203027110.0,10394511875.0,12349900406.0,14926041177.0,16588131372.0,17635718901.0,18599948716.0,24111912304.0
5,Chi phí dự phòng,302335539.0,190933120.0,-48146149482.0,-2259858540.0,-1862359424.0,-7550326436.0,234393257.0,-114150935.0,-542737315.0,5936745128.0
6,Lãi/(lỗ) chênh lệch tỷ giá chưa thực hiện,0.0,0.0,0.0,0.0,0.0,0.0,0.0,0.0,0.0,0.0
8,Lãi/(lỗ) từ hoạt động đầu tư,-5770919539.0,-16235815835.0,-23597040827.0,-18604683815.0,-47517480137.0,-56982770565.0,-50756455977.0,-142151945630.0,-43525000463.0,-19747400294.0
9,Chi phí lãi vay,529123886.0,223727591.0,170567533.0,40200557.0,0.0,0.0,0.0,0.0,0.0,0.0
11,Các khoản điều chỉnh khác,0.0,0.0,0.0,0.0,0.0,0.0,0.0,0.0,0.0,0.0
12,(Tăng)/giảm các khoản phải thu,-18709833884.0,65049101411.0,16350173357.0,-21527936086.0,41258973364.0,3584790917.0,-18722470437.0,-33848349343.0,-107337829339.0,60025595575.0
13,(Tăng)/giảm hàng tồn kho,-73908612898.0,81696588747.0,75543390635.0,-92517783425.0,-18570601791.0,105239050250.0,81671925015.0,35139385167.0,67267047466.0,-49824712317.0
14,Tăng/(giảm) các khoản phải trả,234220576931.0,-38181591414.0,-3968980433.0,275382752935.0,-131923977676.0,292871471780.0,149064288016.0,-252099174330.0,-321969893131.0,-16013280037.0
15,( Tăng)/giảm chi phí trả trước,-7058010332.0,-1875394124.0,-2894457907.0,-1469482921.0,10487502991.0,6859530691.0,8093582739.0,-176986143225.0,-208241335969.0,-99041842659.0
16,(Tăng)/giảm chứng khoán kinh doanh,0.0,0.0,0.0,0.0,0.0,0.0,0.0,0.0,0.0,0.0
17,Chi phí lãi vay đã trả,-529123886.0,-223727591.0,-170567533.0,-40200557.0,0.0,0.0,0.0,0.0,0.0,0.0
18,Thuế thu nhập doanh nghiệp đã trả,-18185282183.0,-14018374255.0,-15360352989.0,-13570839773.0,-29038374557.0,-9753030894.0,-97897954449.0,-72814634369.0,-66313049638.0,-3046468935.0
19,Tiền thu khác từ các hoạt động kinh doanh,55050823.0,4952135833.0,367711599.0,0.0,0.0,26100000.0,9535000.0,29055000.0,1539470000.0,0.0
20,Tiền chi khác từ các hoạt động kinh doanh,-9561164383.0,-9695229299.0,-12501712482.0,-6405763223.0,-9062453853.0,-9522221723.0,-16713141904.0,-11549359730.0,-14146756421.0,-15375044694.0
21,Lưu chuyển tiền tệ ròng từ hoạt động đầu tư,10868318161.0,-104476382289.0,-32903168159.0,-15275400556.0,-199856316594.0,-422713594938.0,-558834675650.0,351791975415.0,457841145012.0,196354893478.0
22,Tiền mua tài sản cố định và các tài sản dài hạn khác,-4591910976.0,-115610902231.0,-29181048383.0,-78089372705.0,-29561108177.0,-23405172294.0,-27489732594.0,-92535955146.0,-61980341753.0,-102195761611.0
23,Tiền thu được từ thanh lý tài sản cố định,507635454.0,0.0,623740910.0,315463637.0,0.0,0.0,0.0,170000000.0,0.0,0.0
24,Tiền cho vay hoặc mua công cụ nợ,0.0,-5000000000.0,-40000000000.0,-3500000000.0,-240000000000.0,-537489589041.0,-1293218878063.0,-986900000000.0,-427000000000.0,-680000000000.0
25,Tiền thu từ cho vay hoặc thu từ phát hành công cụ nợ,0.0,0.0,5000000000.0,15000000000.0,0.0,0.0,724208467104.0,1366500000000.0,876900000000.0,937000000000.0
26,Đầu tư vào các doanh nghiệp khác,0.0,0.0,-11200000000.0,0.0,-14000000000.0,0.0,0.0,-41240000000.0,-1010000000.0,0.0
27,Tiền thu từ việc bán các khoản đầu tư vào các doanh nghiệp khác,0.0,0.0,24989616559.0,33386412000.0,56042643300.0,115995000000.0,0.0,0.0,0.0,0.0
28,Cổ tức và tiền lãi nhận được,14952593683.0,16134519942.0,16864522755.0,17612096512.0,27662148283.0,22186166397.0,37665467903.0,105797930561.0,70931486765.0,41550655089.0
29,Lưu chuyển tiền tệ từ hoạt động tài chính,-38607006592.0,-27889188374.0,-20079124887.0,-30065723662.0,-16035823500.0,-47672457000.0,-16062311275.0,-95762296725.0,-105625017000.0,-105643889000.0
30,Tiền thu từ phát hành cổ phiếu và vốn góp,0.0,0.0,0.0,0.0,0.0,0.0,0.0,0.0,0.0,0.0
31,"Chi trả cho việc mua lại, trả lại cổ phiếu",0.0,0.0,0.0,0.0,0.0,0.0,0.0,0.0,0.0,0.0
32,Tiền thu được các khoản đi vay,23057237226.0,46949023428.0,23017004867.0,19390676662.0,0.0,0.0,0.0,0.0,0.0,0.0
33,Tiển trả các khoản đi vay,-35692204868.0,-47606570302.0,-25768877204.0,-11450892824.0,0.0,0.0,0.0,0.0,0.0,0.0
34,Tiền thanh toán vốn gốc đi thuê tài chính,0.0,0.0,0.0,0.0,0.0,0.0,0.0,0.0,0.0,0.0
35,Cổ tức đã trả,-25972038950.0,-27231641500.0,-17327252550.0,-38005507500.0,-16035823500.0,-47672457000.0,-16062311275.0,-95762296725.0,-105625017000.0,-105643889000.0
37,Lưu chuyển tiền thuần trong kỳ,147026074280.0,27288893131.0,13598473407.0,154394764918.0,-295579835125.0,-12351415248.0,-34327513720.0,-43392564258.0,-19082272173.0,-918856221.0
38,Tiền và tương đương tiền đầu kỳ,92062681788.0,239088756068.0,266377649199.0,279976122606.0,422375996287.0,126796161162.0,114444855914.0,80117342194.0,36724777936.0,17642505763.0
39,Ảnh hưởng của chênh lệch tỷ giá,0.0,0.0,0.0,0.0,0.0,0.0,0.0,0.0,0.0,0.0
40,Tiền và tương đương tiền cuối kỳ,239088756068.0,266377649199.0,279976122606.0,434370887524.0,126796161162.0,114444745914.0,80117342194.0,36724777936.0,17642505763.0,16723649542.0
